      3.66      9.01     23.86     56.58     36.28     24.60     57.56     48.29     32.06     67.45    100.16     57.20     54.48    139.48    109.05    259.58    379.01    231.54    310.25
     10.42     29.03     59.97     83.01     67.23     51.66     58.64     60.20     64.68    103.96    114.56     96.27    120.55    135.01    128.67     85.47     42.04     43.30    105.19
      1.26      1.30      1.30      1.30      1.40      1.51      2.96      2.96      1.52      2.54      3.32      3.70      3.46      2.47      2.47      2.34      2.75     15.66     23.72
     28.37     41.07     45.86     57.18     96.53    123.24     89.27     65.30     53.91     95.72    134.45    100.99     69.99     60.20     58.22     90.85     90.85    107.40    181.27
      0.99      0.99      0.99      0.99      0.99      0.99      0.99      0.99      0.99      0.99      0.99      0.99      0.99      0.99      0.99      0.99      1.73      1.73      0.99
      7.52     29.53     53.36    333.52    627.29    823.59    926.44   1334.08   2371.69   1334.08    717.44    717.44    926.44   1334.08   1815.83   1517.88   1080.60   1815.83   1334.08
     15.49     38.76     85.80    120.55    153.98    256.20    147.56     70.03     78.12    103.80    116.59     68.35     46.42     40.72     58.77    107.19     83.80     68.27     83.86
      5.67     20.14    172.69    435.62    823.59   1080.60   1080.60   1080.60    853.81    451.60    354.04    592.92   1334.08   2371.69   2371.69   1815.83    653.70   1002.04   1210.05
     46.91    118.80    128.67    102.03    126.98    144.67    176.53    106.79     29.15     47.64     52.15     30.87     27.42     33.07     39.15     63.06     64.68     64.68     54.24
   2457.68   4369.21   4369.21   4369.21   4369.21   4369.21   4369.21   4369.21   4369.21   4369.21   4369.21   4369.21   4369.21   4369.21   4369.21   4369.21   4369.21   4369.21   4369.21
     18.28     24.07     25.56     31.81     78.05    134.45    140.93    155.04    192.67    276.01    262.34    212.84    212.84    226.74    254.20    239.47    225.18    256.20    289.23
      3.13      2.77      2.23      2.04      1.79      1.57      1.57      1.81      3.85     13.93    117.85    717.07   2410.16   5884.17   8473.20   8473.20   8473.20   8473.20   8473.20
    371.69    101.98      6.98      2.66      2.88      4.58      6.46      7.69      9.95     28.35    142.44    614.42   1092.30   2457.68   2457.68   2457.68   4369.21   4369.21   4369.21
     20.11     61.87     98.25    134.45    107.19     59.97     39.69     34.62     49.34     87.49     96.55     89.27     89.27    211.28    211.28     75.86     44.89     21.87     15.90
      2.47      4.10     28.90    615.54   1709.82   3847.10  10686.39  15388.40  15388.40  15388.40  15388.40  15388.40  15388.40  15388.40  15388.40  15388.40  15388.40  15388.40  15388.40
      1.37      1.89      2.58      3.52     18.07     19.30     19.30    185.28    435.62    627.29    717.44    926.44   1815.83   1815.83   1815.83   1210.05    511.24   1334.08    960.44
      1.56      1.69      1.68      1.59     20.57     63.55     67.86     60.76     43.30     14.62      6.55     30.50     91.19     75.63     33.61     45.75     54.88    105.19    139.60
      5.36      9.88     16.05     71.20    371.98    996.03   2410.16   3765.87   3765.87   2883.24   2118.30   2883.24   5884.17   8473.20   8473.20   8473.20   8473.20   8473.20   8473.20
     22.29     86.05    205.90    153.02     94.34    176.53    153.02    123.46    273.07    273.07    273.07    358.05    214.81    261.62    261.62    150.28    103.23     96.53    323.03
      0.99      0.99      6.21     31.78    115.14    226.74    382.88    537.82    663.97    663.97    592.94    650.76    650.76    650.76    650.76    592.94    493.93    451.92    451.92
      5.36      9.88     12.57     14.76     26.78     47.01     31.36     15.71     20.55     34.78     68.13     48.12     19.30     59.54    344.65    811.78    941.47   1471.04   2883.24
      1.59      1.62      1.44     11.94     78.26    163.51    163.51    147.56    197.28    182.72    123.02    142.16    142.16     90.85    101.20    112.98     77.56    100.99    107.19
      9.54     23.43    123.35    190.93     94.34     48.29     20.10     44.31     54.48     32.42     55.28     98.88    123.02     90.85     42.73     41.17     84.27     70.99     29.95
     31.49     96.51    163.51    135.01    105.47     89.27    110.71     82.23     37.27     40.67     74.74     74.74     78.46    190.93    289.23    179.80    114.56     79.36     44.28
    243.03    289.23    335.43    385.07    385.07    385.07    385.07    358.05    358.05    358.05    332.02    332.02    332.02    332.02    332.02    332.02    332.02    291.81    291.81
      9.54     23.43     53.69     63.91     58.81     49.78     63.55     94.34     90.26    131.78    162.69    171.37     92.39     41.50     48.87     46.29     47.60     45.32     46.69
      2.58      8.75     29.07     63.06    166.45    366.05    451.92    451.92    493.93    537.82    537.82    592.94    650.76    650.76    650.76    592.94    458.26    385.07    509.25
     18.70    116.07    212.84    200.85    200.85    200.85    139.48     58.11     18.91      3.79      0.99      0.99      0.99      3.55     13.13     21.57      8.90      1.16      2.41
      6.15     26.00    145.12    310.25    196.46    216.60    206.41    145.40    119.91     96.53    162.69    162.69    181.27     97.20     45.68     43.41     45.13     22.44      1.50
     16.22     24.54     54.86    135.00    163.51    140.93    134.45    134.45    189.60    271.43    256.20    212.84    173.18    173.18    226.74    346.00    451.92    451.92    346.00
     24.04    142.99    346.00    313.83    262.34    332.02    291.81    239.47    328.77    300.76    231.54    155.98    155.98    451.92    725.08    409.90    140.93    204.52    231.54
      1.08      2.45     56.33    166.41    665.64   1497.69   1497.69   2340.14   3369.80   3369.80   3369.80   3369.80   3369.80   3369.80   7582.06   7582.06   3369.80   3369.80   3369.80
    130.40    316.25    385.07    316.25    254.20    239.47    256.20    310.25    332.02    332.02    358.05    385.07    358.05    332.02    332.02    358.05    417.82    417.82    385.07
      3.33     15.89     32.37     49.79     89.51    100.16     87.49     80.56     78.12     53.34     55.36    106.62    116.59     86.11    112.98     96.54     69.00    102.03     93.32
     21.93     32.14     37.27     29.12      7.32      6.03      5.65      1.00      0.99      0.99      1.48     10.05     60.33    123.48    189.60    254.20    316.25    509.25    509.25
      0.99      1.02      1.16      1.35      1.68      2.27      2.62      2.73      2.78      2.61      2.45      2.08      1.61      1.22      0.99      0.99      0.99      0.99      1.04
      2.03      1.14      2.24      4.08      4.72      6.43      5.02      2.84      2.44      6.24      8.56      6.33      9.13     11.13      8.93      5.33      5.94      6.75     10.28
      2.26      2.92     11.56     75.40    346.24   1384.96   7540.32  15388.40  15388.40  15388.40  15388.40  15388.40  15388.40  34623.91  61553.61  61553.61  34623.91  15388.40  34623.91
      2.05      8.98     39.86     75.17     70.90     39.92     30.14     60.23     83.22     49.78     26.11     27.96     26.56     10.61      2.15      1.07      1.97      2.31      1.91
     15.49     38.76     98.05    171.37    192.67    138.17     87.49    100.16    127.31     72.31     18.08     62.78    123.48     94.34     64.68     73.10     89.51     72.95    114.47
      9.33      7.11      4.50     23.56     59.91    239.63   1651.20   3369.80   3369.80   3369.80   3369.80   7582.06  13479.21   7582.06   3369.80   7582.06  13479.21  13479.21  13479.21
      2.12      1.51      2.36     11.55     50.21    116.59    278.99    451.92    451.92    493.93    493.93    221.44     38.61      7.05      1.92      1.92     17.14     80.87    128.67
    101.98      6.11      1.45      5.33     29.29    407.93   1092.30   1092.30   2457.68   4369.21   4369.21   4369.21   4369.21   4369.21   4369.21   4369.21   4369.21   4369.21   4369.21
      4.25      4.93      5.54      5.90      5.90      4.22      1.90      1.07      1.17      1.47      1.99      2.35      2.38      2.68      2.85      2.26      1.73      1.87      2.04
    116.74     10.10      1.62      5.64     69.71    174.77    535.23   1092.30   1092.30   2457.68   4369.21   4369.21   4369.21   4369.21   4369.21   4369.21   4369.21   2457.68   2457.68
   2457.68   4369.21   4369.21   4369.21   4369.21   4369.21   4369.21   4369.21   4369.21   4369.21   4369.21   4369.21   4369.21   4369.21   4369.21   4369.21   4369.21   4369.21   4369.21
   1092.30   1092.30   1092.30   1092.30   1092.30   1092.30    758.54    485.47    371.69    273.08    371.69    310.70    174.77    174.77    174.77    221.19    153.61    153.61    371.69
      1.28      1.40      1.68      4.67     32.50     72.31    100.99     98.25     34.94     15.11     14.04     20.75     35.23     42.04     47.54    110.95    148.55     82.59     63.55
      3.36      4.35     18.58    133.23    223.30     99.69     19.96      5.63      6.82      6.72     19.05     47.66     58.84     58.84    170.05   1037.97   4766.18  19064.71  33892.81
      2.12      1.51      0.99      1.40     29.27    116.59    197.28    291.81    428.75    592.94    592.94    537.82    493.93    451.92    171.14     10.80      2.25      1.78      2.72
     43.73     83.01    126.98    150.28    113.37    158.88    225.18    164.29    190.93    204.52    204.52    204.52     79.36     54.21     72.31     91.51    129.70    147.56    230.57
      1.70      1.67      2.54      9.75     75.78    284.48    961.78   1709.82   2671.60   5236.33   6839.29  10686.39  10686.39   6839.29   5236.33   1709.82    155.66     12.37      7.60
      1.52      1.02      8.25     12.96      7.41      8.80     15.13     31.31     41.72     45.13     90.65    120.55     96.27     79.06     63.55     95.72     83.80     46.29     73.09
    110.95    285.53    299.79    239.47    254.20    254.20    291.81    358.05    385.07    385.07    358.05    310.25    289.23    335.43    385.07    385.07    358.05    428.75    592.94
     54.48    123.24    221.44    335.43    417.82    451.92    451.92    417.82    458.26    592.94    650.76    650.76    650.76    650.76    546.82    493.93    537.82    458.26    385.07
      0.99      0.99      2.82     12.87     46.31     66.42     71.83    149.50    239.47    291.81    389.66    451.92    451.92    493.93    537.82    537.82    537.82    537.82    537.82
     24.29     52.95    379.74    409.90    124.90    104.12    131.78    289.23    417.82    228.80    176.53    271.43    366.05    217.38     67.72    117.24    135.00    114.56    118.80
      0.99      0.99      6.70     58.32    182.72    254.20    382.88    663.97    803.41    725.08    650.76    725.08    725.08    478.11    332.02    208.09     60.33     20.05     19.24
      5.36     15.96    104.61    433.51   1307.73   2883.24   3765.87   3765.87   3765.87   3765.87   3765.87   2883.24   1715.82   1355.71   1355.71   1355.71    996.03    691.69    691.69
      1.33      1.30      1.30      1.51      4.08      8.22     42.71    158.88    256.20    335.43    385.07    385.07    417.82    493.93    537.82    592.94    650.76    650.76    650.76
      3.00      1.73      1.83      6.92     42.48     97.42     86.50     58.22     50.29     44.04     40.67     20.93      6.33      7.21     10.46      6.51      2.25      1.89     16.17
     16.93     43.73     59.97     34.84     22.45     10.73     14.45     22.93     15.00      4.77      1.10      1.00      1.00      0.99      1.03      1.07      1.07      1.03      0.99
      4.53     45.19     93.37     73.77     78.12     72.47     70.30     51.48     80.76    110.71    100.77    129.70     92.48     68.35    116.59    129.70     94.34     68.28     53.47
   4369.21   4369.21   2457.68   2457.68   4369.21   4369.21   4369.21   4369.21   4369.21   4369.21   4369.21   4369.21   4369.21   4369.21   4369.21   4369.21   4369.21   4369.21   4369.21
     18.79     15.15     11.14     11.88     11.28      7.87      4.18      2.39      1.80      2.23      5.75     82.40    225.18    256.20    310.25    389.66    493.93    537.82    537.82
     46.91    118.80    128.67    102.03    107.19    148.24     94.75     79.25    102.03     67.23     47.81     42.79     30.78     35.07     58.22     56.69     71.38     81.37     63.68
     11.96      9.10      4.46      0.99      0.99      0.99     11.54     44.23    165.44    332.02    389.66    451.92    451.92    493.93    537.82    592.94    650.76    650.76    650.76
      5.95      9.01     15.63     54.15    135.00    180.27    190.42    200.85    190.42    180.27    215.65    254.20    254.20    254.20    254.20    254.20    254.20    239.47    256.20
     60.21    158.88    276.01    358.05    417.82    451.92    451.92    451.92    451.92    451.92    451.92    417.82    458.26    592.94    650.76    725.08    803.41    803.41    803.41
     30.16     57.13    123.24    239.88    310.25    366.05    451.92    493.93    537.82    537.82    537.82    537.82    537.82    537.82    458.26    458.26    592.94    823.62   1016.81
      0.99      0.99      0.99      5.27     29.60    134.94    254.20    316.25    417.82    451.92    493.93    592.94    725.08    725.08    546.82    546.82    725.08    725.08    650.76
      3.07      5.06      5.91      4.48      4.48      4.70      6.61      8.54      8.54     10.44     12.53     78.34    905.60   2883.24   3765.87   5884.17   8473.20   8473.20   8473.20
      6.95      6.95     26.82    165.61    392.77    830.98   2028.75   2921.40   2921.40   2921.40   2921.40   2921.40   2921.40   2921.40   2028.75   1298.40   2028.75   2921.40   2921.40
      1.69      1.71      1.44     11.94     83.73    127.31    120.55    116.59     86.11     59.97     27.88     66.66    116.59    100.77     73.70     45.13     57.18     98.25    140.93
      1.75      1.51     10.97     33.07     55.28     77.38     50.58     17.07      5.94     27.79     80.56     41.88      7.40     14.50     32.14     30.78     30.10    287.13    422.29
      0.99      0.99     14.86     83.80    243.65    385.07    458.26    493.93    300.76     55.14      1.77      1.98     30.43    235.72    451.92    546.82    650.76    546.82    546.82
     35.40     60.44     68.77     46.04     11.79      2.53      2.26      1.91      2.65      5.95      8.86     40.02    146.26    707.89   2340.14   3369.80   3369.80   3369.80   7582.06
      1.04      1.02      1.30      4.17      7.86     39.78    135.00    180.27    215.65    316.25    385.07    385.07    509.25    592.94    537.82    663.97    725.08    650.76    592.94
      6.19     12.55     34.65    110.08    181.27    262.34    310.25    310.25    310.25    289.23    366.05    366.05    289.23    271.43    142.99     25.15      2.42      1.11      8.35
      5.42     26.39     36.53     49.79     93.26    104.12     93.26     93.26    104.12    158.88    176.91    103.96     94.34    112.98    100.77     75.86     58.22    107.28    150.28
   1092.30   2457.68   4369.21   4369.21   4369.21   4369.21   4369.21   4369.21   4369.21   4369.21   4369.21   4369.21   4369.21   4369.21   4369.21   4369.21   4369.21   4369.21   4369.21
      0.99      0.99      2.28     13.07     93.88    226.74    291.81    428.75    663.97    803.41    803.41    803.41    803.41    663.97    537.82    537.82    493.93    451.92    546.82
    200.85    243.03    335.43    385.07    385.07    385.07    385.07    385.07    358.05    332.02    332.02    332.02    389.66    451.92    451.92    389.66    310.25    289.23    256.20
      4.81      5.57     18.24     33.61     58.11     46.92     25.93     27.08     27.82     32.42     27.67     27.10      9.69      1.31      2.47      2.19      1.63      5.92     10.73
     61.09    104.12    158.88    239.47    291.81    389.66    493.93    458.26    385.07    417.82    417.82    417.82    493.93    537.82    493.93    451.92    451.92    389.66    428.75
      3.92     16.23     23.72     18.58     35.40     82.60     54.28     35.24     33.06      5.39      1.64      4.12     22.12     42.79     54.54     65.62     59.87     26.88      5.76
      2.55      3.70      5.47     11.24     36.39     79.72    535.11   1815.83   3705.77   5336.30   5336.30   5336.30  12006.68  21345.21  21345.21  21345.21  21345.21  21345.21  21345.21
     44.26    120.55    129.70    112.98     88.91     72.47     90.26    148.55    103.98     27.42     34.54     56.29     86.44    117.94     80.26     54.70     51.82     73.09     62.01
      1.86      1.86      1.97      3.30     23.31    198.71    787.30   1104.08   1309.08   2671.60   3847.10   5236.33   6839.29   6839.29   6839.29  10686.39  10686.39   6839.29   6839.29
     16.22     24.54     29.89     76.81    134.45    134.45    134.45    189.60    226.74    190.42    180.27    171.37    155.04    155.04    192.67    212.84    190.42    180.27    180.27
      2.02      1.46      1.55     32.08    339.52    730.35   1643.29   2921.40   2921.40   2921.40   2921.40   2921.40   6573.16  11685.61  11685.61  11685.61  11685.61  11685.61  11685.61
      0.99      0.99      0.99      0.99      0.99      2.23      3.29      9.58     15.48     19.10     18.91     10.70      5.04      3.21      2.82      0.99      1.15      1.32      1.42
      1.69      2.25      2.13      4.91     11.17     11.17     27.22    109.51    126.98     64.04     85.47    118.80    131.78    119.53     83.01     93.26    139.60    171.37     94.75
      5.06      2.90      6.88     10.17      7.21      8.33      9.52     18.71     28.24     39.23     58.22     53.12     34.60     51.03     74.95     61.87    125.45    148.55     87.49
     23.50    227.46    877.64   2843.56   5055.21   5055.21   5055.21   5055.21   5055.21   5055.21   5055.21   5055.21   5055.21   5055.21   5055.21   5055.21   5055.21   5055.21   5055.21
      1.04      1.04      3.58      5.31     38.42    111.40    285.18   1651.20   3369.80   3369.80   3369.80   3369.80   7582.06  13479.21  13479.21   7582.06   3369.80   3369.80   3369.80
      2.84      4.58     26.18    466.47   3489.43   6839.29  10686.39  15388.40  15388.40  15388.40  15388.40  34623.91  34623.91  15388.40  15388.40  34623.91  61553.61  34623.91  15388.40
      0.99      5.91     55.92    123.02    159.56    243.03    289.23    366.05    389.66    332.02    358.05    385.07    458.26    537.82    458.26    385.07    385.07    417.82    451.92
      2.41      2.76      3.10      3.49      3.67      3.67      3.47      8.33     48.48     72.36    171.26    210.37    175.09    273.57    273.57    114.54     23.67     29.79     31.47
      0.99      1.15      1.42      1.52      9.72     23.23     58.27     84.27    111.90    150.28    261.62    451.92    389.66    310.25    289.23    289.23    289.23    310.25    332.02
      1.13      1.29     14.10     40.67    105.57    200.85    313.83    451.92    546.82    650.76    823.62   1016.81   1167.26   1167.26   1016.81    823.62    592.94    537.82    537.82
      1.83      2.81      5.47     11.24     74.22    217.79    695.86   3001.67   5336.30   5336.30   5336.30   5336.30  12006.68  21345.21  21345.21  21345.21  21345.21  21345.21  21345.21
      3.39     11.13     41.84     59.76     61.64     70.30     80.17    119.53    171.37    250.39    389.66    300.76    335.21    428.75    276.01    202.10    250.39    310.25    243.03
      0.99      0.99      0.99      2.17     10.31     23.43     46.99     46.99     24.65     40.30     61.64     70.90     77.56     72.31     72.31    106.62    173.18    226.74    254.20
     12.73     38.07     64.68     32.14     50.79    104.12    131.78    221.44    243.03    165.99    176.91    239.47    429.60    326.51    112.98    164.29    176.91     85.47    119.91
      5.06      2.90      6.88     20.19     49.19     34.94     20.88     45.68     42.73     26.56     35.52     49.01     94.44     94.44     54.70     47.09    112.66    104.38     40.43
     20.43     62.01     84.94    103.80    120.55    127.31    127.31    100.16    124.90    135.01    123.02    102.03    107.19    110.71     78.12     69.99     87.49     78.38     86.44
      8.91     41.13     69.99     63.68     56.39     50.29     69.77    143.81    143.81    100.16     96.55     92.73     81.37     58.64     58.64     81.37     56.38     43.41     46.52
      0.99      1.87      5.15      7.86     29.03     55.25     45.13     77.72    128.67    134.45    134.45    189.60    239.47    225.18    256.20    289.23    289.23    403.96    663.97
      0.99      0.99      0.99      1.73      2.67      6.12     15.48     20.75     22.38     24.07     24.07     21.30     12.28      3.39      0.99      0.99      0.99      0.99      2.28
     22.29     71.31    159.56    165.99    123.48    176.53    254.20    346.00    451.92    389.66    332.02    250.39    156.52    204.52    289.23    366.05    261.62    109.23     92.73
    243.03    289.23    335.43    335.43    366.05    451.92    389.66    332.02    358.05    358.05    332.02    332.02    389.66    451.92    451.92    451.92    417.82    358.05    332.02
      2.38      2.38      2.18      2.49      3.78      4.96      6.49     15.14     50.06     99.76    172.83    240.44    240.44    186.60    139.58    163.81    427.46    759.92    581.81
      1.26      1.30      1.30      1.30      1.30      1.30      1.19      1.21      1.44      2.16      2.89      2.89      2.82     29.11     83.38    160.84    237.83    653.70   1815.83
      6.80     17.50     84.36    129.70    136.70    104.91     27.74      5.15     24.82     81.37     33.69     31.61    211.28    216.60    104.46     72.31     48.17    117.45    212.84
      0.99      2.82     13.21     24.07     46.94    109.66    173.18    349.00    458.26    358.05    310.25    289.23    221.44    123.24     53.69     15.25      3.24      0.99      2.58
      3.92     16.23     38.90     32.23     37.92     56.29     56.29     50.52     24.92      7.87     17.70     22.23      6.08      2.93      3.42      4.13      7.20     12.51     19.92
      2.47      1.48      1.46      4.01     12.18     12.28      6.11     18.64     33.55     45.13     69.99     74.82     80.17    126.98    114.47     86.50     67.46     58.11     60.23
     20.07     67.29    142.16    221.44    174.96    191.40    478.11    451.92    243.03    115.14    181.06    417.82    241.33    196.46    186.76    126.98    190.42    243.03    174.96
      3.32     17.17    146.88    710.89   1263.80   2843.56   5055.21   5055.21   5055.21   5055.21   5055.21   5055.21   5055.21   5055.21   5055.21   5055.21   5055.21   5055.21   5055.21
      3.66     48.05    197.37    190.93    190.93    256.20    328.77    247.47    170.93    254.20    182.72    197.37    131.55     56.58    112.98     84.36     74.94    182.72    161.19
      1.04      0.99      0.99      1.72      2.66     11.01     54.86    104.46    164.29    256.20    289.23    310.25    358.05    458.26    458.26    335.43    197.37    128.67     71.49
      1.97      8.81     34.15     53.12     70.03     71.83     61.87     78.12     62.61     80.76    140.93    147.56    155.04    119.53     93.26    100.16    114.56    123.48    108.51
      0.99      0.99      0.99      6.70     23.09     55.32     89.27     70.03     20.87      3.07      9.65     40.86    193.93    385.07    417.82    546.82    650.76    592.94    493.93
      2.23      7.59     62.03    706.61   2068.89   4377.15  10686.39  15388.40  15388.40  15388.40  15388.40  15388.40  15388.40  15388.40  15388.40  15388.40  15388.40  34623.91  61553.61
     10.64     47.59     93.26     80.17     77.38     72.47     63.68     49.76     44.04     85.47     73.45     37.57     79.25    123.02    117.94     86.50    101.20     94.44     54.70
      6.08     30.24    157.56    717.07   2410.16   5884.17   8473.20   8473.20   8473.20   8473.20   8473.20  19064.71  33892.81  33892.81  33892.81  33892.81  33892.81  33892.81  33892.81
      1.70      1.67      2.54      9.75    395.92   2375.00   5236.33   6839.29   6839.29  10686.39  15388.40  15388.40  15388.40  10686.39   4377.15    927.12     54.19      9.91      8.13
      8.91     30.45     53.91     82.59     76.50     62.35     56.58     39.78     43.30     51.66     44.64     55.28     94.34    104.46     68.27     62.60     77.56     72.31    112.98
      5.73     22.89     50.14     80.19    430.83    941.47   2118.30   3765.87   5884.17   8473.20   8473.20   8473.20   8473.20   8473.20   8473.20  19064.71  33892.81  33892.81  33892.81
      3.13      3.13     14.15     39.51     99.69    624.25   1355.71   1715.82   2883.24   3765.87   2883.24   2118.30   2118.30    691.69     27.97     16.75     20.98     25.45     24.18
      2.58      8.23     62.03    706.61   3847.10   6839.29  10686.39  15388.40  15388.40  15388.40  15388.40  34623.91  34623.91  15388.40  15388.40  15388.40  15388.40  34623.91  61553.61
     15.87     15.79      2.81      5.70     11.22      9.01      8.70      8.40     29.54     86.50     91.51     91.51    117.94    159.56    200.85    190.42    190.42    105.57     14.30
     28.37     41.07     49.78     77.38    123.46    144.67     86.50     59.87     47.09     54.21     64.05     56.29     46.08    133.18    170.53     80.17     83.22     70.03     45.63
      1.83      1.63      1.18      1.10      2.44      5.66     47.45     58.32     12.09     18.95     54.24     77.38     68.28    129.23    164.29    129.70     94.44     51.66     33.88
      9.23     26.47    162.69    178.55     67.86     36.13     14.41     17.46     59.62    129.70    103.80     26.28     13.47     49.78     86.57    114.56    156.52    130.81    116.59
      0.99      0.99     13.59     40.67    114.31    256.20    403.96    537.82    537.82    537.82    592.94    650.76    725.08    803.41    725.08    592.94    537.82    663.97    615.11
      2.33      0.99      0.99      3.55     33.46     77.38    153.02    429.60    650.76    592.94    458.26    358.05    358.05    417.82    451.92    615.11    803.41    803.41    803.41
      6.08     23.57     59.67    179.27    762.59   2410.16   3765.87   5884.17   8473.20   8473.20  19064.71  19064.71   8473.20  19064.71  33892.81  33892.81  33892.81  33892.81  33892.81
      5.65     10.33     57.67    165.99    212.84    225.18    276.01    310.25    271.43    254.20    205.90    123.24     70.03     49.01     45.07     47.60     46.42     42.79     47.81
     36.47    286.58    877.64   1263.80   2843.56   5055.21   5055.21   2843.56   1263.80   2843.56   5055.21   5055.21   5055.21   5055.21   5055.21   5055.21   2843.56   1263.80   2843.56
     35.20     68.57    379.74    409.90    147.56    252.34    273.07    180.27    250.39    239.88    162.69    162.69    112.98     80.56     89.27    116.59    103.80     67.72    110.08
     18.74     29.45     44.04     69.77     44.59     19.14     31.02     36.04     60.23     86.11     75.17     78.12     65.30     65.30     89.27    211.28    299.79    122.01    122.01
     11.96      9.10      4.46      0.99      0.99      0.99      2.33      7.71     37.77     86.57    216.60    385.07    385.07    509.25    725.08    725.08    650.76    546.82    493.93
      2.26      2.75      3.19      6.51     38.77    288.98    907.60   2375.00   5236.33   6839.29  10686.39  15388.40  15388.40  15388.40  15388.40  15388.40  15388.40  15388.40  15388.40
      1.32      1.13      1.40      1.87      2.19      2.33      2.58      8.49     17.19    187.23    958.52   2340.14   3369.80   3369.80   3369.80   3369.80   3369.80   3369.80   3369.80
    371.69     78.01      1.79      2.48      7.56     36.91    426.68   1092.30   1092.30   1092.30   1092.30   2457.68   4369.21   4369.21   4369.21   4369.21   4369.21   4369.21   4369.21
      5.42     32.59    146.08    134.94     76.50    104.12     90.26     90.26     76.50     84.45    105.47     63.91     66.85     92.73    105.47     84.45     70.03     62.61     59.97
     45.99     89.27    161.19    254.20    316.25    417.82    615.11    725.08    650.76    546.82    366.05    289.23    335.43    575.22    725.08    650.76    650.76    592.94    537.82
      5.84     12.70      9.99      7.60     11.61     11.44      7.32      5.19      3.11      2.79      2.76      3.04      4.01     11.88     19.23     58.50    126.30     67.70     35.16
      1.74      2.77      3.60      3.60      4.37      6.48      7.89      6.48      5.05      3.23      5.03      9.66     22.38     17.56      4.98      3.88      2.08     10.88     27.23
      1.04      1.00     15.60     47.54    142.82    366.05    493.93    493.93    210.09     23.34      3.32      2.93     26.09    128.55    349.00    537.82    493.93    389.66    291.81
      5.48     12.70     31.22     40.88     75.19    112.98     75.19     19.69      3.06     11.06     30.16     48.29     67.72     81.37     96.27     83.86    106.62    173.18    226.74
     15.57     30.27     80.51    106.62     59.27     96.53     94.75     34.31     64.75     90.85     50.37     79.36    110.71     80.56     80.56     73.77     80.41    100.16    127.31
      2.53      2.53      4.61      9.58     12.16     28.59    128.25    662.45   1298.40   1298.40    994.09    591.58    392.77    324.60    392.77   1431.49   6573.16  11685.61  11685.61
      6.19     22.45     87.31    205.90    239.47    276.01    332.02    358.05    417.82    451.92    451.92    451.92    389.66    208.09     70.99     15.69      1.82      0.99      0.99
     12.73     38.07     77.38     41.25     45.54    123.24     93.08     73.70    153.78    153.78    129.70    147.56    212.49    289.23    190.93    285.95    403.96    212.49    109.66
      0.99      0.99      0.99      0.99      0.99      0.99      1.90      5.35     32.32     72.31     91.51    108.51     55.71     23.18     20.96     42.56    116.12    205.90    429.60
      2.27      8.93     23.98     89.31    162.01    273.02    511.24    717.44    853.81    853.81   1517.88   3705.77   5336.30   5336.30   5336.30   5336.30   5336.30   5336.30   5336.30
      1.02      0.99      1.80     15.65     74.94    128.67    148.24    192.67    239.47    254.20    197.28    140.93    134.45    134.45    243.65    335.43    289.23    271.43    189.60
      7.72     12.91     27.50     73.09     93.26    119.53    127.31     89.51    102.03    135.01    197.28    226.74    200.85    200.85    190.42    202.10    239.47    254.20    271.43
     23.98     37.35     44.64    230.57    366.05    289.23    197.37    150.28    215.65    291.81    332.02    358.05    458.26    458.26    385.07    285.53    212.84    212.84    226.74
      5.36     15.96    163.45    418.43    418.43    820.12   1355.71   1355.71    510.49     46.43     12.61      3.39      3.06      2.75     10.57     16.30      9.92    170.05    428.96
      7.16     18.47     43.76     67.72     72.47     74.82     65.88     45.75     64.01     66.24     53.12     72.31     64.05     74.95     79.06     65.62     69.99     74.82     80.17
      1.35      1.04      1.04      1.12      1.44      1.80      2.51     22.69     59.91     53.07     46.64     75.55    102.31     39.10     52.14    134.79    134.79    632.77   1497.69
   1092.30   1092.30   1092.30   1092.30   2457.68   4369.21   4369.21   2457.68   1092.30   1092.30   1092.30   2457.68   4369.21   4369.21   4369.21   2457.68   2457.68   4369.21   4369.21
      7.06     15.05     31.22     53.12     72.31    100.99     93.37     59.76     24.65      2.96      1.55      3.55     35.84    174.96    289.23    256.20    256.20    289.23    885.76
      1.53      1.32      1.40      1.78      1.87      2.09      4.10      6.37     18.64    215.07    539.17    958.52   2340.14   3369.80   3369.80   3369.80   3369.80   3369.80   3369.80
      1.55      2.14      2.86      4.43      3.14      1.93      2.31      4.29      3.88      1.50      1.37      1.17      1.03      1.76      2.00      1.22      1.52      1.52      1.19
      3.13      4.09      7.27    138.96    653.80   1471.04   1715.82   1139.18    720.81    394.99    115.10     28.40     19.04      7.78      7.05      6.94      7.55     42.09    276.23
      1.93      8.29     30.45     28.29     17.64     20.03     57.04     80.26     84.45    197.37    310.25    239.88    205.90    254.20    254.20    291.81    262.34    262.34    262.34
      6.19     61.55    197.28    291.81    310.25    256.20    202.10    215.65    316.25    417.82    417.82    417.82    389.66    250.39    105.19     16.93      1.31      6.91     25.95
      1.69      2.10      1.90      8.52     16.60     11.17     28.42     68.28     68.28    119.93    212.84    119.91     80.87    214.81    149.37     43.01     64.04    119.53    119.53
      6.20     56.37    261.62    389.66    542.10    514.18    243.03    226.74    156.93    107.19    189.60    254.20    254.20    189.60    123.48    254.20    366.05    204.52    103.96
     19.69     50.58    103.96    176.91    256.20    289.23    271.43    382.88    302.52    165.99    143.81    165.83    316.25    243.65    134.45    222.26    208.09    129.70    197.28
      1.59      3.79      3.24      1.88      9.50     24.76     57.20     66.85     28.39     36.52     59.87     86.44    170.27    225.18    469.81    422.29    104.91    119.93     93.88
     11.53      5.76      7.63     12.91      9.94      5.20      7.54     19.12     79.72    142.16    150.28    180.27    180.27    190.42    110.95     51.82     58.01     88.56    117.94
   1092.30   1092.30   2457.68   4369.21   4369.21   4369.21   4369.21   2457.68   1092.30   2457.68   4369.21   4369.21   4369.21   4369.21   4369.21   4369.21   4369.21   4369.21   4369.21
      3.20     11.33    130.57    430.04    561.69    561.69    561.69    561.69    877.64   1263.80   1263.80   1263.80   1263.80   1263.80   1263.80   1263.80   2843.56   5055.21   5055.21
      1.93      8.29     13.41     11.99      7.53      6.65     25.67     41.72     76.29     98.88    116.12    192.67    141.64     77.38    123.46    135.00    135.00    190.42    226.74
     18.70     93.08    181.27    200.85    262.34    291.81    239.47    202.10    135.00     60.91     18.63      3.67      0.99      0.99      4.22     19.84     47.40     59.87     26.10
      1.55      2.14      2.16      2.30      1.98      2.52      4.01      3.21      9.25     12.28      9.29     17.88     16.87     25.58     28.96     29.94     35.98     26.03     44.43
      6.95      5.76     16.68     95.24    308.57    830.98   1298.40   1298.40    994.09    730.35    994.09    730.35    324.60    248.52    182.59    410.82    450.88    343.41    591.58
      2.01      2.39      5.36     64.09    358.49    517.22    787.30   1808.92   4377.15   6839.29  10686.39  15388.40  15388.40  15388.40  15388.40  15388.40  15388.40  15388.40  15388.40
   1092.30    614.42    273.08    273.08    273.08    273.08    273.08     95.35      4.86      1.47      1.08      1.14      1.61      2.16      2.21      5.08     38.73     47.95     59.47
      5.65     10.33     57.67    165.99    226.74    239.47    276.01    291.81    254.20    254.20    239.47    158.88     82.59     59.87     59.87     70.30     77.38     83.22    123.24
   1092.30   1092.30   2457.68   4369.21   4369.21   2457.68   1092.30   1092.30   1092.30   1092.30   1092.30   1092.30   1092.30   1092.30   1092.30   1092.30   1092.30   1092.30   1092.30
     15.96     22.09     36.53     71.38     74.95     56.29     69.00    107.19    148.24    107.40     67.86     77.56    186.76    202.00    104.12     96.55    105.47     77.72     46.42
      6.67     17.20     46.67     70.90     86.11     89.27     96.55     82.59     65.62     67.72     81.37     66.85     99.67     96.51     38.71     37.80     55.28     56.39     67.45
    363.56     12.16      3.29      6.81     41.74    168.58    614.42   1092.30   2457.68   2457.68   2457.68   4369.21   4369.21   4369.21   4369.21   4369.21   4369.21   4369.21   4369.21
      8.91     28.63     44.04     69.77     73.10     50.29     47.54     76.77    117.94    128.67    103.96     83.22     70.03    147.56    152.98     93.37     78.05     17.44      3.16
      4.53      7.40     42.52    116.59    120.55     69.77     46.29     43.92     50.92     70.90     89.51     68.27     45.07     71.55    108.51    117.94    105.47     92.73    135.00
      2.71      2.68      2.68      0.99      0.99      0.99      1.73      1.73      0.99      0.99      0.99      0.99      0.99      0.99      0.99      0.99      0.99      1.26      4.43
    130.40    271.43    289.23    271.43    254.20    239.47    276.01    332.02    332.02    358.05    385.07    385.07    385.07    358.05    332.02    332.02    332.02    358.05    385.07
    112.68    396.12    958.52   1497.69   1497.69   2340.14   3369.80   3369.80   3369.80   3369.80   3369.80   3369.80   3369.80   3369.80   3369.80   3369.80   3369.80   2340.14   1497.69
      4.16     12.93     49.19     61.87     71.83    100.77    129.70    112.98     77.56     83.86     79.06     49.32     53.12     80.56    116.59    147.56     94.44     89.15    134.45
      1.96      1.04      1.06      1.53      8.66     25.73     28.47     47.60     74.82     95.99     98.88     57.56     53.34     49.19     67.46     75.19     36.17     87.81    117.24
      2.27      3.42      9.22     23.98     79.16    273.02    172.69    117.12    344.19    511.24    592.92    290.53    234.26    823.59   1815.83   2371.69   1334.08    592.92    511.24
     11.96      9.10     11.14     11.88      4.94      1.88      3.05      7.87     25.44     43.01     47.54    142.82    310.25    358.05    509.25    650.76    592.94    537.82    493.93
      7.52     29.53    105.95    451.60   1080.60   1815.83   1815.83   3001.67   5336.30   3705.77   2371.69   2371.69   2371.69   2371.69   2371.69   2371.69   3705.77   5336.30   5336.30
      5.57     11.33     37.50     79.76    199.95    286.67    241.77    275.09    764.13   2340.14   3369.80   3369.80   3369.80   3369.80   3369.80   3369.80   3369.80   3369.80   3369.80
      4.37      3.44     11.18     17.89     10.46     14.69     12.45      6.65     14.67     36.53     34.87     97.32    164.29    164.29    145.40     83.01    126.98    107.28     49.01
      2.27      8.93     23.98     89.31    620.18   1815.83   3705.77   5336.30   5336.30   5336.30   5336.30   5336.30   5336.30   5336.30   5336.30   5336.30   5336.30   5336.30   5336.30
      1.16     12.01     92.39    190.42    285.53    385.07    385.07    417.82    546.82    823.62   1016.81   1167.26   1167.26   1016.81   1016.81   1016.81    906.97    803.41    803.41
      0.99      0.99      2.28     13.07     49.02    153.02    271.43    335.43    509.25    725.08    803.41    725.08    592.94    537.82    537.82    592.94    725.08    803.41    803.41
      5.84     12.70     29.53     53.36    198.48    273.02    333.52    333.52    179.36     89.37     28.35     40.35     85.81     94.87     85.96     63.61     12.63      7.57      7.17
     60.21    158.88    276.01    358.05    417.82    451.92    493.93    537.82    537.82    493.93    417.82    385.07    509.25    592.94    537.82    458.26    385.07    458.26    493.93
      0.99      0.99      0.99      1.26     12.40     13.62     14.13     76.81    134.45    204.52    289.23    310.25    389.66    493.93    592.94    451.92    243.03    313.83    313.83
      4.25      4.93     26.26     82.59     87.49     91.51    129.70    147.56    163.51    202.10    225.18    212.84    200.85    212.84    225.18    239.47    239.47    239.47    254.20
      0.99      1.26      3.86     11.34     57.31    123.02    135.01    147.56    155.04    181.27    212.84    239.47    291.81    310.25    289.23    335.43    417.82    451.92    346.00
      1.09      2.99      4.45      4.40     15.17     15.91      4.20      4.09      4.51      6.51      9.04     22.81     66.77     89.27     36.64      9.46     11.04      9.57      9.33
      2.23      2.64      7.39    103.01    427.46   1094.29   1709.82   2671.60   5236.33  10686.39  15388.40  15388.40  15388.40  15388.40  15388.40  15388.40  15388.40  34623.91  61553.61
      3.06      3.09      2.61      2.61      2.61      3.12      3.93      4.49      4.80      4.80      3.83      2.96      3.78      4.53      9.56     11.29      5.17     13.44     19.19
      2.47      4.10     28.90    121.59    759.92   1709.82   3847.10  10686.39  15388.40  15388.40  15388.40  15388.40  15388.40  15388.40  15388.40  15388.40  15388.40  15388.40  15388.40
      3.69      1.74      2.44      2.41      4.00      7.69     16.81     30.78     41.97     73.10     63.09     60.23    110.71    204.52    289.23    289.23    197.37    142.16    205.90
      5.33     22.05     47.40    190.37    417.82    451.92    546.82    509.25    509.25    592.94    537.82    537.82    537.82    537.82    458.26    509.25    650.76    650.76    725.08
