      2.30     22.07     62.58    187.66     88.31     71.10    187.66    148.42    112.80    201.56    290.18    166.78    162.92    336.85    256.64    312.57    506.16    445.02    506.16
     18.11     96.46    192.18    256.64    216.59    178.99    196.81    201.56    211.45    290.18    312.57    283.11    320.45    345.40    336.85    238.56    148.42    151.91    263.00
      1.09      1.11      1.11      1.11      1.18      1.27      2.57      2.57      1.28      2.24      4.10      4.79      4.10      2.52      2.52      2.32      2.91     18.24     71.48
     66.69    138.48    148.42    192.18    250.45    320.45    269.52    206.44    183.27    269.52    345.40    283.11    227.29    201.56    196.81    263.00    263.00    283.11    401.86
      1.00      1.00      1.00      1.00      1.00      1.00      1.00      1.00      1.00      1.00      1.00      1.00      1.00      1.00      1.00      1.00      1.30      1.30      1.00
     12.39     80.03    183.95    348.43    624.44    653.85    684.76    717.25    825.08    717.25    653.85    653.85    684.76    751.41    787.32    751.41    717.25    787.32    717.25
     17.49    138.48    227.29    320.45    354.18    468.46    297.44    221.87    244.43    283.11    312.57    216.59    162.92    145.02    187.66    297.44    232.85    211.45    256.64
      3.93     61.62    236.45    569.81    653.85    717.25    717.25    717.25    684.76    520.29    497.29    624.44    717.25    825.08    825.08    787.32    569.81    596.45    684.76
     96.46    320.45    336.85    290.18    320.45    354.18    382.00    183.27    100.84    162.92    178.99    100.84     92.29    118.02    135.33    206.44    211.45    211.45    174.81
    801.03    888.74    888.74    888.74    888.74    888.74    888.74    888.74    888.74    888.74    888.74    888.74    888.74    888.74    888.74    888.74    888.74    888.74    888.74
     57.54     84.53     90.27    112.80    211.45    345.40    354.18    372.47    412.21    480.68    468.46    433.78    433.78    445.02    468.46    456.58    445.02    468.46    493.24
      3.76      3.02      2.13      1.87      1.55      1.33      1.33      1.57      4.16     30.44    199.11    604.77    811.69    907.94    942.69    942.69    942.69    942.69    942.69
    532.90    129.55      8.55      2.86      3.24      6.44     13.15     17.11     26.02     71.22    296.19    589.35    722.57    801.03    801.03    801.03    888.74    888.74    888.74
     11.66    206.44    276.22    345.40    297.44    192.18    141.71    123.50    159.15    263.00    283.11    269.52    269.52    382.00    382.00    238.56    148.42     71.10     50.82
      2.52      5.02     45.27    412.04    784.87    852.67    953.02    980.04    980.04    980.04    980.04    980.04    980.04    980.04    980.04    980.04    980.04    980.04    980.04
      1.16      1.55      2.71      4.28     27.63     36.16     36.16    280.46    569.81    624.44    653.85    684.76    787.32    787.32    787.32    684.76    596.45    717.25    569.81
      1.26      1.41      1.40      1.30      5.10    211.45    221.87    201.56    151.91     12.44      7.78     80.92    256.64    201.56    120.72    155.48    187.66    263.00    345.40
      7.76     25.34     48.53    158.37    487.11    700.06    811.69    874.56    874.56    842.50    811.69    842.50    907.94    942.69    942.69    942.69    942.69    942.69    942.69
     68.12    211.45    422.84    336.85    276.22    382.00    336.85    312.57    468.46    468.46    468.46    533.10    412.21    433.78    433.78    363.20    256.64    250.45    480.68
      1.00      1.00      2.65     94.35    276.22    445.02    533.10    607.49    640.31    640.31    623.67    640.31    640.31    640.31    640.31    623.67    591.76    576.47    576.47
      7.76     25.34     36.75     45.86     84.67    163.58     89.97     49.92     68.67    118.87    212.77    122.67     64.74    148.48    453.59    674.81    700.06    753.66    842.50
      1.24      1.27      1.17      7.90    196.81    382.00    382.00    363.20    412.21    391.79    328.54    354.18    354.18    263.00    276.22    304.90    244.43    283.11    297.44
     11.85     80.92    211.45    391.79    276.22    148.42     65.29    107.84    162.92    115.38    178.99    283.11    328.54    263.00    138.48    135.33    250.45    206.44    103.12
    110.29    232.85    382.00    345.40    297.44    269.52    304.90    227.29    132.26    141.71    227.29    227.29    232.85    391.79    493.24    372.47    312.57    216.59    155.48
    456.58    493.24    519.44    547.16    547.16    547.16    547.16    533.10    533.10    533.10    519.44    519.44    519.44    519.44    519.44    519.44    519.44    493.24    493.24
     11.85     80.92    159.15    201.56    192.18    155.48    174.81    276.22    269.52    336.85    382.00    391.79    216.59    145.02    170.74    162.92    166.78    159.15    162.92
      1.68     17.49     82.70    206.44    345.40    533.10    576.47    576.47    591.76    607.49    607.49    623.67    640.31    640.31    640.31    623.67    576.47    547.16    591.76
     27.06    256.64    433.78    422.84    422.84    422.84    336.85    178.99     46.83      2.10      1.00      1.00      1.00      2.03     33.40     74.21      4.48      1.03      1.61
      9.63     62.58    290.18    506.16    382.00    391.79    372.47    336.85    269.52    250.45    382.00    382.00    401.86    211.45    151.91    141.71    145.02      7.55      1.26
     45.88     86.40    155.48    336.85    382.00    354.18    345.40    345.40    401.86    480.68    468.46    433.78    391.79    391.79    445.02    519.44    576.47    576.47    519.44
     22.07    312.57    519.44    493.24    468.46    519.44    493.24    456.58    506.16    480.68    445.02    320.45    320.45    561.61    657.43    493.24    354.18    412.21    445.02
      1.01      1.68     39.37    386.37    541.95    767.33    767.33    813.85    863.42    863.42    863.42    863.42    863.42    863.42    916.25    916.25    863.42    863.42    863.42
    276.22    506.16    547.16    506.16    468.46    456.58    468.46    506.16    519.44    519.44    533.10    547.16    533.10    519.44    519.44    533.10    561.61    561.61    547.16
      3.96     13.30    112.80    148.42    269.52    290.18    263.00    250.45    244.43    178.99    183.27    290.18    312.57    263.00    304.90    263.00    221.87    290.18    269.52
     68.12    115.38    132.26     94.35      4.16      3.77      2.59      1.00      1.00      1.00      1.17      8.26    159.15    328.54    401.86    468.46    506.16    591.76    591.76
      1.00      1.00      1.03      1.14      1.42      2.18      2.79      2.97      3.07      2.76      2.49      1.90      1.36      1.05      1.00      1.00      1.00      1.00      1.00
      1.57      1.03      1.67      5.92      7.66     12.44      6.63      3.17      2.39      5.92     17.49     12.24     22.47     30.91     20.90      9.05     10.42     13.75     22.07
      2.17      3.27     15.70    174.91    482.58    722.83    901.35    980.04    980.04    980.04    980.04    980.04    980.04   1007.89   1036.58   1036.58   1007.89    980.04   1007.89
      1.82      9.93    118.02    238.56    227.29    129.27    105.45    187.66    256.64    155.48     92.29     98.62     92.29     15.49      1.61      1.01      1.43      2.05      1.66
     17.49    138.48    238.56    391.79    412.21    320.45    263.00    290.18    328.54    145.02     60.00    138.48    328.54    276.22    211.45    227.29    269.52    232.85    290.18
     23.75     14.33      6.95     25.77    201.96    345.87    723.65    863.42    863.42    863.42    863.42    916.25    972.56    916.25    863.42    916.25    972.56    972.56    972.56
      1.99      1.18      1.59     19.80    141.71    312.57    456.58    576.47    576.47    591.76    591.76    363.20    103.12      6.26      1.72      1.72      9.48    232.85    336.85
    129.55      4.71      1.22      3.39     77.39    359.09    722.57    722.57    801.03    888.74    888.74    888.74    888.74    888.74    888.74    888.74    888.74    888.74    888.74
      6.35      8.26     10.09     11.29     11.29      5.61      1.48      1.01      1.03      1.23      1.75      2.33      2.37      2.88      3.21      2.08      1.49      1.65      1.88
    203.46      6.10      1.38      4.48    108.76    395.86    532.90    722.57    722.57    801.03    888.74    888.74    888.74    888.74    888.74    888.74    888.74    801.03    801.03
    801.03    888.74    888.74    888.74    888.74    888.74    888.74    888.74    888.74    888.74    888.74    888.74    888.74    888.74    888.74    888.74    888.74    888.74    888.74
    722.57    722.57    722.57    722.57    722.57    722.57    652.31    589.35    532.90    482.24    532.90    482.24    395.86    395.86    395.86    436.74    325.99    325.99    532.90
      1.09      1.18      1.40      4.91     62.58    232.85    283.11    276.22     88.31     46.83     41.49     58.76    126.35    148.42    166.78    263.00    354.18    250.45    211.45
      4.24      6.47     31.26    260.27    437.77    251.60     28.12     10.01     14.37     14.04     39.90    163.58    199.11    199.11    319.55    650.54    874.56    978.87   1016.54
      1.99      1.18      1.00      1.13     10.75    312.57    412.21    493.24    561.61    623.67    623.67    607.49    591.76    576.47    211.45     12.24      2.10      1.56      2.62
    115.38    256.64    320.45    363.20    312.57    363.20    445.02    372.47    391.79    412.21    412.21    412.21    216.59    178.99    232.85    269.52    336.85    363.20    433.78
      1.46      1.43      2.35     14.89    151.40    469.97    666.04    784.87    829.40    901.35    926.80    953.02    953.02    926.80    901.35    703.34    174.91     31.41     17.16
      1.19      1.00      3.14     28.64     16.03     21.67     40.67    107.84    148.42    159.15    244.43    320.45    283.11    244.43    211.45    269.52    232.85    162.92    221.87
    263.00    480.68    493.24    456.58    468.46    468.46    493.24    533.10    547.16    547.16    533.10    506.16    493.24    519.44    547.16    547.16    533.10    561.61    623.67
    162.92    320.45    433.78    519.44    561.61    576.47    576.47    561.61    576.47    623.67    640.31    640.31    640.31    640.31    607.49    591.76    607.49    576.47    547.16
      1.00      1.00      1.78     26.55    138.48    216.59    227.29    345.40    456.58    493.24    547.16    576.47    576.47    591.76    607.49    607.49    607.49    607.49    607.49
     77.49    118.02    456.58    493.24    328.54    297.44    336.85    468.46    561.61    412.21    382.00    480.68    533.10    354.18    221.87    297.44    336.85    312.57    320.45
      1.00      1.00      2.73    132.26    391.79    468.46    533.10    640.31    675.05    657.43    640.31    657.43    657.43    576.47    519.44    401.86    159.15     66.69     63.92
      7.76     41.02    199.11    542.51    726.32    842.50    874.56    874.56    874.56    874.56    874.56    842.50    782.10    753.66    753.66    753.66    700.06    650.54    650.54
      1.11      1.09      1.09      1.27      3.07     19.45     68.12    363.20    468.46    519.44    547.16    547.16    561.61    591.76    607.49    623.67    640.31    640.31    640.31
      2.70      1.49      1.61      5.68    107.84    283.11    256.64    196.81    174.81    155.48    145.02     46.83     12.24     14.46     28.10      9.33      1.99      1.65     11.47
     55.20    115.38    192.18    123.50     74.21     24.64     31.51     79.18     44.07      2.94      1.01      1.00      1.00      1.00      1.00      1.01      1.01      1.00      1.00
      6.72     27.06    263.00    232.85    244.43    232.85    227.29    174.81    221.87    304.90    290.18    336.85    250.45    216.59    312.57    336.85    276.22    221.87    183.27
    888.74    888.74    801.03    801.03    888.74    888.74    888.74    888.74    888.74    888.74    888.74    888.74    888.74    888.74    888.74    888.74    888.74    888.74    888.74
     62.58     44.07     30.91     34.05     31.51     16.59      5.76      2.26      1.58      2.08      7.55     96.46    445.02    468.46    506.16    547.16    591.76    607.49    607.49
     96.46    320.45    336.85    290.18    297.44    363.20    244.43    227.29    290.18    216.59    166.78    151.91    103.12    112.80    196.81    192.18    221.87    250.45    211.45
     30.91     22.47      2.28      1.00      1.00      1.00      3.28    151.91    312.57    519.44    547.16    576.47    576.47    591.76    607.49    623.67    640.31    640.31    640.31
      9.48     22.47     42.33    151.91    336.85    401.86    412.21    422.84    412.21    401.86    433.78    468.46    468.46    468.46    468.46    468.46    468.46    456.58    468.46
    170.74    363.20    480.68    533.10    561.61    576.47    576.47    576.47    576.47    576.47    576.47    561.61    576.47    623.67    640.31    657.43    675.05    675.05    675.05
    107.84    174.81    320.45    445.02    506.16    533.10    576.47    591.76    607.49    607.49    607.49    607.49    607.49    607.49    576.47    576.47    623.67    675.05    711.83
      1.00      1.00      1.00      2.47     80.92    290.18    468.46    506.16    561.61    576.47    591.76    623.67    657.43    657.43    607.49    607.49    657.43    657.43    640.31
      3.64      7.30     10.69      7.01      7.01      7.60     12.80     20.67     20.67     27.39     36.75    115.20    583.20    842.50    874.56    907.94    942.69    942.69    942.69
     14.84     14.84     48.98    318.88    547.75    659.54    796.29    848.42    848.42    848.42    848.42    848.42    848.42    848.42    796.29    747.60    796.29    848.42    848.42
      1.29      1.32      1.17      7.90    201.56    328.54    320.45    312.57    263.00    192.18     90.27    138.48    312.57    290.18    216.59    159.15    192.18    276.22    354.18
      1.51      1.28      5.38    118.02    178.99    244.43    159.15     42.33     10.42     29.75    250.45     92.29     12.44     20.16    115.38    110.29    107.84    263.00    506.16
      1.00      1.00      3.51    232.85    433.78    547.16    576.47    591.76    480.68     13.75      1.51      1.72     16.31    391.79    576.47    607.49    640.31    607.49    607.49
    115.15    201.96    224.44    148.07     11.52      2.62      2.17      1.71      2.57      9.67     21.91     71.01    345.87    573.92    813.85    863.42    863.42    863.42    916.25
      1.00      1.00      1.09      3.68     18.11     63.92    336.85    401.86    433.78    506.16    547.16    547.16    591.76    623.67    607.49    640.31    657.43    640.31    623.67
      6.18     36.83     86.40    290.18    401.86    468.46    506.16    506.16    506.16    493.24    533.10    533.10    493.24    480.68    312.57     29.19      1.75      1.02      3.43
      5.84     65.29    123.50    148.42    276.22    297.44    276.22    276.22    297.44    363.20    391.79    290.18    276.22    312.57    290.18    238.56    196.81    269.52    363.20
    722.57    801.03    888.74    888.74    888.74    888.74    888.74    888.74    888.74    888.74    888.74    888.74    888.74    888.74    888.74    888.74    888.74    888.74    888.74
      1.00      1.00      1.56     20.52    196.81    445.02    493.24    561.61    640.31    675.05    675.05    675.05    675.05    640.31    607.49    607.49    591.76    576.47    607.49
    422.84    456.58    519.44    547.16    547.16    547.16    547.16    547.16    533.10    519.44    519.44    519.44    547.16    576.47    576.47    547.16    506.16    493.24    468.46
      7.66      9.33     42.33    120.72    178.99    123.50     86.40     92.29     94.35    115.38     98.62     96.46      3.32      1.10      2.24      1.68      1.32      6.26     29.19
    174.81    297.44    363.20    456.58    493.24    547.16    591.76    576.47    547.16    561.61    561.61    561.61    591.76    607.49    591.76    576.47    576.47    547.16    561.61
      5.46     25.58     74.21     60.00    118.02    238.56    107.84     90.27     75.83      5.10      1.39      3.17     50.82    151.91    183.27    216.59    201.56     56.36      9.48
      2.32      5.01      8.88     28.56    100.77    246.70    454.53    787.32    864.79    906.56    906.56    906.56    950.51    996.75    996.75    996.75    996.75    996.75    996.75
     94.35    320.45    336.85    312.57    263.00    232.85    269.52    354.18    238.56     90.27    105.45    192.18    250.45    320.45    238.56    187.66    178.99    221.87    178.99
      1.64      1.64      1.76      3.69     30.79    326.33    648.19    722.83    742.91    829.40    876.65    901.35    926.80    926.80    926.80    953.02    953.02    926.80    926.80
     45.88     86.40    105.45    206.44    345.40    345.40    345.40    401.86    445.02    412.21    401.86    391.79    372.47    372.47    412.21    433.78    412.21    401.86    401.86
      1.85      1.16      1.20     14.25    429.39    659.54    747.60    848.42    848.42    848.42    848.42    848.42    904.23    964.00    964.00    964.00    964.00    964.00    964.00
      1.00      1.00      1.00      1.00      1.00      1.53      3.96     10.93     45.88     55.20     54.06     29.19      3.82      2.73      1.78      1.00      1.03      1.13      1.19
      1.29      2.16      1.99      5.61     29.75     29.75     58.76    276.22    320.45    206.44    238.56    320.45    336.85    312.57    256.64    276.22    345.40    391.79    244.43
      4.72      2.85     12.44     27.06     13.98     16.31     22.47     39.08     96.46    120.72    196.81    183.27    110.29    135.33    232.85    206.44    304.90    354.18    263.00
     62.06    295.75    676.13    818.73    901.88    901.88    901.88    901.88    901.88    901.88    901.88    901.88    901.88    901.88    901.88    901.88    901.88    901.88    901.88
      1.00      1.00      2.13      8.17     25.77    309.94    432.05    723.65    863.42    863.42    863.42    863.42    916.25    972.56    972.56    916.25    863.42    863.42    863.42
      3.13      6.66     43.43    381.03    829.40    926.80    953.02    980.04    980.04    980.04    980.04   1007.89   1007.89    980.04    980.04   1007.89   1036.58   1007.89    980.04
      1.00      2.59    118.02    328.54    372.47    456.58    493.24    533.10    547.16    519.44    533.10    547.16    576.47    607.49    576.47    547.16    547.16    561.61    576.47
      2.42      3.02      3.69      4.51      4.95      4.95      4.45     11.71    116.81    223.52    302.24    391.08    371.26    482.58    482.58    192.81     82.92    104.05    111.51
      1.00      1.03      1.19      1.28      5.53     80.92    148.42    250.45    283.11    363.20    433.78    576.47    547.16    506.16    493.24    493.24    493.24    506.16    519.44
      1.02      1.10      5.04    145.02    244.43    422.84    493.24    576.47    607.49    640.31    675.05    711.83    731.02    731.02    711.83    675.05    623.67    607.49    607.49
      1.59      2.91      8.88     28.56    132.83    434.65    596.45    825.08    906.56    906.56    906.56    906.56    950.51    996.75    996.75    996.75    996.75    996.75    996.75
      3.73      9.19    138.48    201.56    206.44    227.29    250.45    312.57    391.79    456.58    547.16    480.68    493.24    561.61    480.68    422.84    456.58    506.16    456.58
      1.00      1.00      1.00      1.50     16.31     80.92    148.42    148.42     86.40    126.35    206.44    227.29    244.43    232.85    232.85    290.18    391.79    445.02    468.46
     37.56     90.27    211.45     96.46    120.72    297.44    336.85    433.78    456.58    382.00    391.79    456.58    547.16    445.02    312.57    372.47    391.79    238.56    269.52
      4.72      2.85     12.44     55.20    162.92     88.31     63.92    151.91    138.48     94.35    123.50    170.74    256.64    256.64    187.66    162.92    244.43    211.45    138.48
     61.28    178.99    256.64    283.11    320.45    328.54    328.54    290.18    328.54    345.40    328.54    290.18    297.44    304.90    244.43    227.29    263.00    238.56    250.45
     10.58    118.02    227.29    211.45    192.18    174.81    216.59    345.40    345.40    290.18    283.11    276.22    250.45    196.81    196.81    250.45    162.92    141.71    155.48
      1.00      1.36      7.33     18.11     56.36    187.66    159.15    221.87    336.85    345.40    345.40    401.86    456.58    445.02    468.46    493.24    493.24    547.16    640.31
      1.00      1.00      1.00      1.30      2.88      7.90     45.88     71.10     77.49     84.53     84.53     72.64     30.32      1.98      1.00      1.00      1.00      1.00      1.56
     68.12    196.81    372.47    382.00    328.54    382.00    468.46    519.44    576.47    547.16    519.44    456.58    372.47    412.21    493.24    533.10    433.78    304.90    276.22
    456.58    493.24    519.44    519.44    533.10    576.47    547.16    519.44    533.10    533.10    519.44    519.44    547.16    576.47    576.47    576.47    561.61    533.10    519.44
      2.37      2.37      2.07      2.49      4.95      8.35     12.74     38.39    147.83    287.25    381.03    457.72    457.72    401.41    352.53    381.03    522.66    666.04    614.02
      1.09      1.11      1.11      1.11      1.11      1.11      1.05      1.06      1.21      1.89      3.27      3.27      3.14     18.24    257.43    348.43    454.53    569.81    787.32
     12.86     27.06    221.87    336.85    345.40    276.22     55.20      7.33     19.45    250.45     23.31     22.89    382.00    391.79    297.44    211.45    166.78    283.11    433.78
      1.00      1.78     27.06     84.53    141.71    297.44    391.79    506.16    576.47    533.10    506.16    493.24    433.78    320.45    159.15     34.72      1.93      1.00      1.68
      5.46     25.58    138.48    110.29    123.50    192.18    192.18    174.81     65.29     16.59     32.13     62.58      7.33      3.28      4.37      5.92     14.22     35.41     65.29
      2.39      1.21      1.19      3.91     29.75     30.32     11.66     30.91    118.02    145.02    227.29    238.56    250.45    320.45    290.18    256.64    192.18    178.99    187.66
     62.58    178.99    354.18    433.78    363.20    372.47    576.47    561.61    456.58    276.22    312.57    561.61    401.86    382.00    363.20    320.45    412.21    456.58    363.20
      4.17     18.97    270.72    615.08    743.77    818.73    901.88    901.88    901.88    901.88    901.88    901.88    901.88    901.88    901.88    901.88    901.88    901.88    901.88
      2.30     66.69    401.86    391.79    391.79    468.46    506.16    412.21    372.47    468.46    391.79    401.86    244.43    178.99    304.90    221.87    211.45    391.79    354.18
      1.00      1.00      1.00      1.29      2.85     11.85    155.48    297.44    372.47    468.46    493.24    506.16    533.10    576.47    576.47    519.44    401.86    336.85    183.27
      1.74      9.05    107.84    183.27    221.87    227.29    206.44    244.43    196.81    221.87    354.18    363.20    372.47    312.57    276.22    290.18    312.57    328.54    304.90
      1.00      1.00      1.00      2.73     77.49    166.78    269.52    221.87     21.28      3.60     11.29    123.50    345.40    547.16    561.61    607.49    640.31    623.67    591.76
      2.13      8.61    125.29    522.66    806.80    876.65    953.02    980.04    980.04    980.04    980.04    980.04    980.04    980.04    980.04    980.04    980.04   1007.89   1036.58
     28.10    100.84    276.22    250.45    244.43    232.85    211.45    170.74    155.48    238.56    192.18    132.26    227.29    328.54    320.45    256.64    276.22    256.64    187.66
     11.69     51.36    330.79    604.77    811.69    907.94    942.69    942.69    942.69    942.69    942.69    978.87   1016.54   1016.54   1016.54   1016.54   1016.54   1016.54   1016.54
      1.46      1.43      2.35     14.89    202.50    806.80    901.35    926.80    926.80    953.02    980.04    980.04    980.04    953.02    876.65    522.66     99.39     25.35     19.13
     10.58     98.62    183.27    250.45    232.85    206.44    187.66    141.71    151.91    178.99    155.48    178.99    276.22    297.44    211.45    201.56    244.43    232.85    297.44
     10.69     41.02    174.59    235.21    470.03    700.06    782.10    874.56    907.94    942.69    942.69    942.69    942.69    942.69    942.69    978.87   1016.54   1016.54   1016.54
      3.76      3.76     16.18    139.27    251.60    542.51    753.66    782.10    842.50    874.56    842.50    811.69    811.69    342.46     87.27     54.39     70.73     89.97     84.67
      2.60     11.91    125.29    522.66    852.67    926.80    953.02    980.04    980.04    980.04    980.04   1007.89   1007.89    980.04    980.04    980.04    980.04   1007.89   1036.58
     29.19     28.64      2.01      3.07     30.32     22.47     21.28     20.16     60.00    256.64    269.52    269.52    320.45    372.47    422.84    412.21    412.21    244.43      5.76
     66.69    138.48    155.48    244.43    312.57    354.18    256.64    201.56    162.92    178.99    211.45    192.18    159.15    250.45    354.18    250.45    256.64    221.87    159.15
      1.59      1.35      1.04      1.02      1.75      9.93     62.58    132.26     30.91     44.07    174.81    244.43    221.87    297.44    372.47    336.85    256.64    178.99    110.29
     23.31     60.00    304.90    345.40    221.87    103.12     44.07     54.06    155.48    336.85    283.11     28.64     20.90    155.48    263.00    312.57    372.47    328.54    312.57
      1.00      1.00      3.43    145.02    250.45    468.46    547.16    607.49    607.49    607.49    623.67    640.31    657.43    675.05    657.43    623.67    607.49    640.31    623.67
      1.58      1.00      1.00      2.03     58.76    244.43    336.85    547.16    640.31    623.67    576.47    533.10    533.10    561.61    576.47    623.67    675.05    675.05    675.05
     11.69     45.86    199.11    342.46    627.21    811.69    874.56    907.94    942.69    942.69    978.87    978.87    942.69    978.87   1016.54   1016.54   1016.54   1016.54   1016.54
      9.19     26.55    107.84    382.00    433.78    445.02    480.68    506.16    480.68    468.46    422.84    320.45    221.87    170.74    159.15    166.78    162.92    151.91    166.78
     28.17    424.15    676.13    743.77    818.73    901.88    901.88    818.73    743.77    818.73    901.88    901.88    901.88    901.88    901.88    901.88    818.73    743.77    818.73
    126.35    196.81    456.58    493.24    363.20    445.02    468.46    401.86    456.58    445.02    382.00    382.00    297.44    250.45    269.52    312.57    283.11    221.87    290.18
     62.58     98.62    155.48    216.59     96.46     58.76    110.29    129.27    187.66    263.00    238.56    244.43    206.44    206.44    269.52    382.00    493.24    276.22    276.22
     30.91     22.47      2.28      1.00      1.00      1.00      1.58     13.98     88.31    263.00    391.79    547.16    547.16    591.76    657.43    657.43    640.31    607.49    591.76
      2.17      2.99      3.87     10.10     81.09    401.41    684.42    806.80    901.35    926.80    953.02    980.04    980.04    980.04    980.04    980.04    980.04    980.04    980.04
      1.12      1.03      1.16      1.65      2.08      2.30      2.68     10.73     56.30    172.73    682.64    813.85    863.42    863.42    863.42    863.42    863.42    863.42    863.42
    532.90      7.20      1.48      2.54      9.07     99.77    395.86    722.57    722.57    722.57    722.57    801.03    888.74    888.74    888.74    888.74    888.74    888.74    888.74
      5.84     72.64    320.45    290.18    232.85    297.44    269.52    269.52    232.85    244.43    297.44    201.56    206.44    276.22    297.44    244.43    221.87    196.81    192.18
    118.02    269.52    354.18    468.46    506.16    561.61    623.67    657.43    640.31    607.49    533.10    493.24    519.44    607.49    657.43    640.31    640.31    623.67    607.49
      4.58     37.43     25.04     17.16     29.52     28.56     16.15      7.99      3.69      3.08      3.03      3.54      5.63     22.02     63.94    127.63    333.52    176.52    122.65
      1.48      2.86      4.79      4.79      6.52     12.75     18.24     12.75      8.64      3.27      4.90     25.04     57.27     24.25      8.20      4.48      1.92      7.78     96.93
      1.00      1.00      3.64    166.78    283.11    533.10    591.76    591.76    336.85     24.64      4.11      3.36     19.10    312.57    506.16    607.49    591.76    547.16    493.24
      9.33     20.16    110.29    145.02    221.87    312.57    221.87     29.19      2.97      7.23    107.84    159.15    221.87    250.45    283.11    256.64    290.18    391.79    445.02
     36.83    107.84    206.44    290.18    196.81    250.45    244.43    118.02    166.78    263.00    170.74    216.59    304.90    250.45    250.45    232.85    244.43    290.18    328.54
      2.62      2.62      5.77     23.51     35.19     76.57    283.69    582.56    747.60    747.60    702.08    619.76    547.75    515.18    547.75    702.08    904.23    964.00    964.00
      6.18     66.69    216.59    422.84    456.58    480.68    519.44    533.10    561.61    576.47    576.47    576.47    547.16    401.86    206.44     15.49      1.34      1.00      1.00
     37.56     90.27    244.43    110.29    115.38    320.45    238.56    216.59    363.20    363.20    336.85    363.20    422.84    493.24    391.79    433.78    547.16    422.84    297.44
      1.00      1.00      1.00      1.00      1.00      1.00      1.38      7.78     61.28    232.85    269.52    304.90    148.42     80.92     71.10    118.02    304.90    422.84    547.16
      1.95     12.75     80.03    208.40    380.46    454.53    596.45    653.85    684.76    684.76    751.41    864.79    906.56    906.56    906.56    906.56    906.56    906.56    906.56
      1.00      1.00      1.33     15.22    211.45    336.85    363.20    412.21    456.58    468.46    412.21    354.18    345.40    345.40    433.78    519.44    493.24    480.68    401.86
     13.08     38.31     77.49    221.87    276.22    312.57    328.54    269.52    290.18    345.40    412.21    445.02    422.84    422.84    412.21    422.84    456.58    468.46    480.68
     21.67    110.29    120.72    382.00    533.10    493.24    401.86    363.20    433.78    493.24    519.44    533.10    576.47    576.47    547.16    480.68    433.78    433.78    445.02
      7.76     41.02    219.98    562.46    562.46    650.54    753.66    753.66    407.90    148.48     16.58      4.31      3.58      3.02     11.95     47.17     26.00    104.92    562.46
     10.25     57.54    138.48    221.87    232.85    238.56    216.59    155.48    187.66    196.81    174.81    232.85    211.45    232.85    244.43    216.59    227.29    238.56    250.45
      1.12      1.00      1.00      1.02      1.20      1.58      2.46     20.24    201.96    181.92    164.04    224.44    293.52     64.66     71.01    345.87    345.87    511.90    767.33
    722.57    722.57    722.57    722.57    801.03    888.74    888.74    801.03    722.57    722.57    722.57    801.03    888.74    888.74    888.74    801.03    801.03    888.74    888.74
     15.22     35.41    110.29    174.81    232.85    283.11    263.00    201.56     33.40      2.62      1.31      3.07     50.82    363.20    493.24    468.46    468.46    493.24    623.67
      1.29      1.12      1.16      1.55      1.65      1.93      4.84     12.83     37.69    278.04    607.93    682.64    813.85    863.42    863.42    863.42    863.42    863.42    863.42
      1.24      2.01      3.07      6.63      2.70      1.67      2.26      4.84      3.47      1.26      1.16      1.04      1.00      1.35      1.72      1.05      1.19      1.19      1.04
      3.76      5.66     14.71    104.92    627.21    753.66    782.10    726.32    650.54    542.51    186.41     98.63     44.59     17.83     15.07     14.71     16.98     62.87    422.55
      1.72      7.44     98.62     86.40     57.54     68.12    141.71    238.56    244.43    401.86    506.16    445.02    422.84    468.46    468.46    493.24    468.46    468.46    468.46
      6.18    107.84    412.21    493.24    506.16    468.46    422.84    433.78    506.16    561.61    561.61    561.61    547.16    456.58    263.00      5.46      1.12      3.91     84.53
      1.29      1.91      1.68      7.66     52.96     29.75     60.00    221.87    221.87    290.18    433.78    269.52    232.85    412.21    263.00    151.91    206.44    312.57    312.57
      3.04    120.72    433.78    547.16    591.76    576.47    456.58    445.02    345.40    297.44    401.86    468.46    468.46    401.86    328.54    422.84    533.10    412.21    290.18
     58.76    159.15    290.18    391.79    468.46    493.24    480.68    533.10    456.58    382.00    345.40    363.20    506.16    433.78    345.40    422.84    401.86    336.85    412.21
      1.24      4.37      2.73      1.61      9.33     86.40    166.78    206.44     90.27    105.45    201.56    250.45    382.00    445.02    547.16    506.16    276.22    290.18    196.81
     30.32      9.48     12.65     38.31     24.64      8.01     11.66     60.00    183.27    354.18    363.20    401.86    401.86    412.21    263.00    178.99    196.81    256.64    320.45
    722.57    722.57    801.03    888.74    888.74    888.74    888.74    801.03    722.57    801.03    888.74    888.74    888.74    888.74    888.74    888.74    888.74    888.74    888.74
      3.82     12.34    208.51    559.92    615.08    615.08    615.08    615.08    676.13    743.77    743.77    743.77    743.77    743.77    743.77    743.77    818.73    901.88    901.88
      1.72      7.44     36.83     32.75      8.51      7.78     74.21    148.42    216.59    283.11    304.90    412.21    328.54    244.43    312.57    336.85    336.85    412.21    445.02
     27.06    238.56    401.86    422.84    468.46    493.24    456.58    422.84    336.85    183.27     44.96      2.06      1.00      1.00      2.22     52.96    159.15    201.56     50.82
      1.24      2.01      2.05      2.24      1.71      2.20      5.76      3.64      9.19     27.06     20.90     56.36     50.82     69.59     90.27     92.29    123.50     92.29    141.71
     14.84     10.46     26.82    225.34    484.68    659.54    747.60    747.60    702.08    659.54    702.08    619.76    515.18    456.13    404.34    515.18    547.75    515.18    619.76
      1.84      2.35      7.28     81.09    495.56    597.67    648.19    784.87    876.65    926.80    953.02    980.04    980.04    980.04    980.04    980.04    980.04    980.04    980.04
    722.57    589.35    482.24    482.24    482.24    482.24    482.24     91.59      4.95      1.18      1.01      1.03      1.29      2.04      2.11      5.79     71.22    129.55    141.56
      9.19     26.55    107.84    382.00    445.02    456.58    480.68    493.24    468.46    468.46    456.58    363.20    250.45    201.56    201.56    227.29    244.43    256.64    320.45
    722.57    722.57    801.03    888.74    888.74    801.03    722.57    722.57    722.57    722.57    722.57    722.57    722.57    722.57    722.57    722.57    722.57    722.57    722.57
     49.79     75.83    123.50    221.87    232.85    192.18    221.87    297.44    363.20    283.11    221.87    244.43    363.20    391.79    297.44    283.11    297.44    221.87    162.92
     13.52     32.13    159.15    227.29    263.00    269.52    283.11    250.45    216.59    221.87    250.45    206.44    244.43    232.85    138.48    135.33    178.99    183.27    201.56
    245.09     17.11      4.07      9.63     91.59    359.09    589.35    722.57    801.03    801.03    801.03    888.74    888.74    888.74    888.74    888.74    888.74    888.74    888.74
     10.58     94.35    155.48    216.59    227.29    174.81    166.78    227.29    320.45    336.85    290.18    256.64    221.87    297.44    312.57    263.00    211.45     30.32      2.88
      6.72     11.47     96.46    312.57    320.45    216.59    162.92    155.48    174.81    227.29    269.52    211.45    159.15    216.59    304.90    320.45    297.44    276.22    336.85
      1.74      1.72      1.72      1.00      1.00      1.00      1.30      1.30      1.00      1.00      1.00      1.00      1.00      1.00      1.00      1.00      1.00      1.07      3.64
    276.22    480.68    493.24    480.68    468.46    456.58    480.68    519.44    519.44    533.10    547.16    547.16    547.16    533.10    519.44    519.44    519.44    533.10    547.16
    181.92    541.95    682.64    767.33    767.33    813.85    863.42    863.42    863.42    863.42    863.42    863.42    863.42    863.42    863.42    863.42    863.42    813.85    767.33
      4.26      8.64    162.92    206.44    227.29    290.18    336.85    304.90    244.43    256.64    244.43    166.78    174.81    250.45    312.57    363.20    256.64    250.45    345.40
      1.47      1.00      1.01      1.24      7.33     88.31    100.84    145.02    238.56    276.22    283.11    187.66    178.99    162.92    192.18    221.87    126.35    196.81    297.44
      1.95      4.38     14.33     80.03    199.88    454.53    236.45    217.33    520.29    596.45    624.44    415.71    397.66    653.85    787.32    825.08    717.25    624.44    596.45
     30.91     22.47     30.91     34.05      2.39      1.37      3.60     10.93     79.18    151.91    166.78    283.11    506.16    533.10    591.76    640.31    623.67    607.49    591.76
     12.39     80.03    268.68    520.29    717.25    787.32    787.32    825.08    906.56    864.79    825.08    825.08    825.08    825.08    825.08    825.08    864.79    906.56    906.56
      4.70     31.75     81.86    249.67    365.51    483.64    457.06    483.64    607.93    813.85    863.42    863.42    863.42    863.42    863.42    863.42    863.42    863.42    863.42
      6.72      4.11     11.10     52.96     28.10     41.49     28.10     13.75     34.72    123.50    115.38    178.99    372.47    372.47    336.85    256.64    320.45    269.52    170.74
      1.95     12.75     80.03    208.40    544.44    787.32    864.79    906.56    906.56    906.56    906.56    906.56    906.56    906.56    906.56    906.56    906.56    906.56    906.56
      1.04      4.78    216.59    412.21    480.68    547.16    547.16    561.61    607.49    675.05    711.83    731.02    731.02    711.83    711.83    711.83    693.18    675.05    675.05
      1.00      1.00      1.56     20.52    151.91    336.85    480.68    519.44    591.76    657.43    675.05    657.43    623.67    607.49    607.49    623.67    657.43    675.05    675.05
      4.58     37.43     80.03    183.95    319.30    454.53    475.39    475.39    397.66    156.11     93.26    143.96    226.67    257.43    246.70    156.11     26.74     16.15     14.33
    170.74    363.20    480.68    533.10    561.61    576.47    591.76    607.49    607.49    591.76    561.61    547.16    591.76    623.67    607.49    576.47    547.16    576.47    591.76
      1.00      1.00      1.00      1.07      6.26     12.24     12.44    206.44    345.40    412.21    493.24    506.16    547.16    591.76    623.67    561.61    456.58    493.24    493.24
      6.35      8.26     36.83    250.45    263.00    269.52    336.85    363.20    382.00    422.84    445.02    433.78    422.84    433.78    445.02    456.58    456.58    456.58    468.46
      1.00      1.07      3.28     28.10    126.35    328.54    345.40    363.20    372.47    401.86    433.78    456.58    493.24    506.16    493.24    519.44    561.61    576.47    519.44
      1.01      2.10      6.53      6.44     29.75     34.72      5.04      4.91      6.35      9.33     21.67     45.88    211.45    269.52     56.36     22.89     30.32     24.64     23.75
      2.13      2.80      9.62    134.45    551.37    703.34    784.87    829.40    901.35    953.02    980.04    980.04    980.04    980.04    980.04    980.04    980.04   1007.89   1036.58
      3.52      3.58      2.76      2.76      2.76      3.64      5.55      7.01      7.92      7.92      5.06      3.41      4.97      7.15     17.40     27.39      8.26     18.72     55.98
      2.52      5.02     45.27    302.24    566.36    784.87    852.67    953.02    980.04    980.04    980.04    980.04    980.04    980.04    980.04    980.04    980.04    980.04    980.04
      3.77      1.49      2.18      2.10      3.28     17.49     40.67    110.29    145.02    227.29    192.18    187.66    304.90    412.21    493.24    493.24    401.86    354.18    422.84
      2.65     66.69    159.15    336.85    561.61    576.47    607.49    591.76    591.76    623.67    607.49    607.49    607.49    607.49    576.47    591.76    640.31    640.31    657.43
