5.45611089	5.8135607	5.942888753	6.470453373	8.408703935	29.19859241	74.64460045	71.4887741	102.8747331	102.6930106	106.3764341	99.48714904	99.1835562	109.1378975	108.1793765	108.0473059	105.8909461	107.6560992
5.346911091	5.306587506	5.412953533	5.832413515	5.832429475	17.7031131	68.46219468	96.75297471	106.7830543	90.2527083	102.1856846	110.4165108	109.9551199	108.2083805	108.930421	109.283087	107.9139159	107.4347952
5.346911091	5.432350007	5.58580516	5.607486948	9.759307068	32.9281447	81.53560875	91.42256985	106.9411649	106.1991301	110.3547696	109.7625945	109.2485071	109.6013532	107.725448	107.384689	106.6	106.6
5.480110406	5.52900168	5.52900168	5.752047738	12.62217644	96.16353869	105.7304282	108.384754	109.2558756	109.8227635	110.8708222	112.8708625	112.8645206	107.6150754	107.0916201	106.6	106.6	106.6
5.481701049	5.472775782	5.464907197	5.672463063	13.08607777	76.2400556	107.0412998	107.4753152	108.7363887	109.5654648	111.2886556	112.365042	113.5929137	113.5929137	107.5312169	106.6	106.6	106.6
5.481701049	5.498008936	5.562939504	5.767432983	7.136701964	56.10097631	93.60790006	94.26907509	106.805415	109.2202773	110.2406233	111.2109165	111.12253	110.2620776	107.3537688	106.9687151	106.6	106.6
5.785299351	5.868969887	5.811969787	5.783306373	5.771173538	5.711158519	5.672741121	5.656318325	5.622226002	5.620304177	5.679349831	5.681597174	5.483802345	5.496586463	5.353086718	5.353086718	5.352408048	5.785129135
5.468985273	5.426561972	5.445214241	5.447057258	5.446114803	5.37476785	5.290346763	5.196977134	5.081546021	5.032248784	4.984964547	4.973923345	4.98219511	5.160573511	5.129477551	5.129477551	5.067864339	5.375538099
5.350835585	5.578673733	6.325723469	7.632729418	40.62844799	79.01199388	99.83659416	101.9644265	108.6102161	109.35589	109.1151263	109.4357356	109.8049539	110.3977632	110.3755435	107.9305362	107.1167464	106.3318436
5.519864814	5.815984725	5.860047416	21.50698567	67.2714891	102.4571198	101.5515129	105.8160889	110.3767207	111.2163201	112.4310589	112.4310589	112.2687898	110.9385301	107.4140704	106.6	106.6	106.6
5.687792109	5.647982487	5.649282411	5.516333608	5.410709372	5.410728234	5.385527958	5.353144835	5.404358795	5.287636386	5.180778336	5.03641424	4.980369317	4.973665883	5.094203467	4.931907226	5.165615904	5.154550481
5.915641625	6.00498297	7.33399962	6.239282504	34.14959852	99.11939585	105.5985396	105.6700272	107.7619226	108.6005926	108.8143901	110.5362541	111.3145993	111.0994954	111.6314398	109.524068	109.0318471	109.099172
9.049613606	44.88317225	90.08956314	90.08977182	107.3508648	105.8639608	102.2112908	109.2689429	109.2479819	109.7373857	110.0446657	110.3195112	110.2678929	109.8599906	108.7609051	107.668517	107.8318304	34.82969726
4.32766118	5.186897996	11.76199353	5.289381468	9.022605522	8.833826862	12.34275076	19.20392906	21.08759735	6.30316706	4.548209953	4.547574399	4.974300462	5.502116276	5.659566953	5.543070647	5.73252929	5.470855572
36.50155674	104.4062497	107.1248629	108.0364782	108.0364782	109.3133453	110.5063135	110.5063135	110.8848065	111.9108682	111.9108682	112.8473967	109.9467049	106.5776536	106.7517102	106.4017096	106.5170733	110.4016763
81.28893787	106.2421893	107.2392741	106.8905416	109.2045659	109.8101054	111.2839167	112.7085606	113.780522	113.6219256	107.5312169	106.6	106.6	106.961809	106.9474903	106.2293436	105.6501931	105.2100386
4.976983897	5.063030333	9.121889725	5.416014973	5.06660985	5.441113488	4.959149085	4.959149085	4.827746398	4.896329243	4.864919994	4.807463069	5.016349421	4.933041081	4.853025095	4.94203143	5.045935555	4.955717945
28.56136464	7.764095786	7.747242329	96.41433509	108.2854713	109.2560992	109.2353761	109.3872006	110.334647	112.8192618	111.3868852	110.4718663	106.9597884	106.6	106.6	106.6	106.6	106.6
18.01270184	25.0377836	64.97786508	104.3843406	108.5434059	108.9050301	105.7978529	108.9711421	110.1305223	106.7572052	106.6201005	106.557672	106.7904762	106.6	106.6	106.6	106.6	106.6
4.547574399	5.71178924	21.99307986	31.14921843	75.19084386	76.45316587	31.16856573	7.044255754	7.159931549	6.985471362	6.184279409	6.36045152	18.24195819	5.80015998	5.974216558	6.000487531	5.635806508	5.330674081
5.180961204	5.080737727	5.222749975	5.314478511	5.398733758	5.36123763	5.24685487	5.074395654	4.906273812	4.760415862	4.790110718	4.943939189	5.170159297	5.486165391	5.653056194	5.917335209	5.835095873	5.538356835
5.61813059	34.37832874	102.303639	107.5653209	107.5210602	108.2738986	108.1820379	108.9873482	108.7750111	107.6606977	76.17239341	20.25306391	32.39938613	13.83960135	29.88431294	8.022497837	5.199040801	7.477663266
5.61813059	105.1656624	107.6261185	108.7642481	109.4569467	109.9647182	111.2911775	111.2911775	113.1387207	106.7063096	106.5132311	106.4350551	106.3457088	106.3122313	107.5983334	110.7384413	109.8519771	109.1748963
9.773170596	20.76189106	102.3470974	108.2580265	109.0510373	109.9689824	110.5277438	112.5307984	113.4387097	112.0549098	107.4148148	106.9687151	106.6	106.6	106.6	107.9266332	107.9266332	108.4301158
12.83918933	16.39591864	19.09560897	15.66181062	13.49319637	4.756547344	4.56473556	4.66340848	4.506795517	4.483566636	4.542176934	4.62606093	6.589678499	9.394521161	17.45443998	5.897317293	5.069487587	5.298178818
5.130848677	31.48655419	99.30292876	107.7898052	108.8510115	109.4312154	109.7530366	108.598334	107.6204128	91.96971413	41.78772666	13.92124958	5.187102114	4.936382967	5.24515705	4.829428801	4.707237474	4.751920363
5.970082931	6.630791516	6.996142169	7.143291307	7.063243262	6.991936494	6.195370728	5.845050578	5.732920798	5.81257295	5.787434698	5.638459351	5.416354988	4.980986119	4.712983731	4.750498655	4.946521656	5.230300984
5.970082931	6.630791516	6.996142169	7.143291307	7.449262309	6.710531571	6.131400696	5.609661215	5.428708285	7.092386852	6.105702658	19.94150844	23.02130441	25.77928345	5.093731783	8.085217895	4.707990392	5.90638093
4.906273812	4.770052213	4.79254157	4.946383099	5.172619167	5.334462517	5.520045513	5.712533491	5.709823318	5.538356835	5.367240588	5.150580166	5.042627375	4.96912214	4.994641388	5.251670656	5.041278216	5.080592115
4.906273812	5.138682231	5.310675351	5.888030706	6.179207962	7.099516884	6.331807948	5.897863223	5.305287385	4.687636489	4.501650675	8.022323726	4.93431258	5.281771519	9.490815904	11.70773147	5.574074194	6.505924557
6.189361473	12.00681828	102.4770058	102.4009268	107.554694	107.6052753	108.2666457	108.2666457	109.2336884	110.4939249	111.4798681	109.2579096	108.1004089	110.384445	110.4046841	110.3559037	108.3760988	106.5046333
5.289991805	5.275956325	5.18742759	4.997978742	7.642258036	5.029359139	5.932805123	14.01538068	30.76090079	46.57089445	24.59221897	17.11182611	9.022605522	5.289381468	11.75657309	5.177261646	4.32766118	5.683817946
4.471830721	33.68639381	91.06762462	97.76057009	107.9386326	109.0109504	110.1045817	111.4876297	112.9127409	113.1050424	112.4489985	108.092823	106.9687151	107.0916201	106.6	106.6	106.9597884	106.7269841
4.735982196	5.134245306	4.923121412	4.957401536	5.318573515	5.096234187	5.401191406	5.859551329	5.803720683	5.570146757	7.578598812	5.681197232	5.720394756	6.086604383	6.222127199	6.510539314	6.460714715	6.286658136
8.331752665	19.08522262	96.95148877	58.79960863	99.38520727	105.8623126	106.4329108	106.2055375	107.0304879	107.2820126	105.4157436	108.0312563	107.372228	107.609121	106.3040428	107.9461695	109.2446005	110.8025304
8.331752665	14.32303358	64.48722476	96.95169745	106.4224244	107.4886491	107.9510225	108.5983477	110.5224887	111.3365902	113.3617907	113.4582188	107.7892949	106.4351363	106.3457958	106.4636788	104.7283342	107.8139738
7.031612095	14.32303358	102.3306373	108.0619651	108.0523287	109.2528753	110.649275	110.649275	112.1249333	113.881969	113.881969	108.0673276	107.0498348	106.8560092	106.4019057	106.0526086	105.8081179	105.8257038
58.29764674	96.21152356	107.3212487	107.6399159	108.1910167	108.7927439	109.2593036	108.4998331	106.7005587	106.6	106.6	106.6	106.6	106.6	106.6	106.8713568	107.2949807	106.576834
5.025856585	11.16109525	100.9491587	107.973474	107.9734899	108.6832003	109.882518	110.4450541	107.5981071	106.3585512	106.3430168	106.3430168	106.4324022	106.5106145	106.6670391	106.7899441	106.6	106.6
4.219085625	8.927009602	5.311918166	5.311918166	5.841475701	5.317582825	5.22610955	4.934145724	8.068454906	4.585761258	13.83948382	6.144383485	6.329307452	6.5956664	6.140265019	6.140265019	5.832359418	5.618390547
5.302734656	5.895338062	6.389498369	6.5982263	6.155321816	5.986448165	5.629481866	5.497918802	5.529471062	5.761469559	5.797342177	5.380766526	5.22462383	4.911490648	4.877188888	4.88179989	4.870099374	5.014047364
5.623063	6.096178519	6.339285802	7.107225183	6.187190178	6.304256205	5.401093603	4.926620352	4.790110718	4.928973542	5.428505089	6.146136952	17.6014672	45.17283642	73.63049171	43.90421364	6.747585432	6.895735494
63.05392543	105.1148996	107.9347093	108.8876559	109.5666796	110.571048	112.0882069	113.1784601	112.3898074	113.1514266	110.113028	109.1023467	107.3433898	7.436407504	6.964510718	5.096447675	5.093680875	4.818911269
63.05392543	105.1148996	107.8385199	108.729898	109.0943944	109.6601061	110.1146871	109.4913649	108.6091324	106.6	106.6	106.6	108.6685656	107.891437	106.8370887	106.0170529	112.6273606	110.8427124
70.71768727	79.46709497	107.8438064	107.8221377	108.9401107	109.819106	111.3624894	110.9749247	108.2855895	106.6	106.6	106.6	106.6	106.6	106.7904762	106.557672	106.3671958	106.1978836
4.931620562	5.223609055	5.279037424	9.488036831	5.311918166	4.704917358	4.219085625	4.279312814	4.121040386	4.378949387	4.751684205	5.039698892	8.262369822	5.31884774	5.600849513	5.859853121	5.757814395	5.573078178
100.2417192	105.635125	106.7559195	108.0579446	108.98023	110.2882896	111.4322963	111.2635022	112.1633937	112.4065289	112.4480857	111.7000709	107.6973383	106.3094972	106.3430168	106.4324022	106.5106145	106.6111732
5.623063	32.4352163	20.26038941	10.25584378	6.187190178	6.021155658	5.373911198	5.111645539	5.355962877	5.249438069	5.278336048	5.292644648	5.545762665	5.526789871	5.350713744	5.676094007	5.133726413	5.321603379
5.043590431	5.149621284	5.404839222	23.32420169	56.82631882	77.78908474	100.0387825	108.5368225	109.6920234	110.9288105	111.4084266	108.0703606	108.1651986	106.322488	106.3033493	106.3033493	106.3450583	106.1707706
5.114998321	5.194052236	5.433940858	21.54551733	45.78920318	91.1537881	104.7215703	107.0699581	109.8918801	110.7748753	112.1621497	112.3137108	111.8604006	111.8604006	109.0100418	106.6	106.8681564	106.6670391
4.969125907	5.188397989	5.034826026	5.240037674	5.379357659	5.657971429	11.02128447	83.21008341	107.9195036	109.0661699	109.8914408	110.4833696	109.8499264	108.5791484	105.9755235	49.03208155	17.41263454	5.485713622
5.375400108	6.047487056	21.05093906	42.6158253	107.3280422	107.6802035	108.362513	109.1728386	110.8360622	111.9277845	113.7407495	107.2984127	106.6	106.6	106.6	106.6	106.6	106.6
5.444191001	6.047487056	35.53158645	82.46476905	107.2126646	108.2734597	109.0641631	109.805677	111.7333232	112.8534756	113.8229374	112.0640523	106.6	106.6	106.6	106.6	106.6	106.841206
5.444191001	5.714016299	18.29274169	70.27150695	103.8573671	107.339301	108.6561312	109.5324783	110.5666656	111.773992	113.1254009	113.2807564	109.6579151	106.6	106.6	106.6	106.6	106.6
5.293452972	5.189060837	5.326520711	5.446187096	5.684606066	5.950240912	5.939995747	6.215211592	6.286658136	6.588559531	6.086616022	6.279713969	5.804976248	5.714782884	5.761104664	5.570146757	5.932685222	5.754936659
11.67044575	46.50322032	90.21243895	107.1196319	102.7074572	108.536776	108.9267798	110.4337879	109.6188386	110.9028378	108.0019606	108.0660675	106.2869025	106.2678059	106.0902163	106.1405154	103.6886143	106.2448715
5.601623847	38.09343415	91.72655244	103.5562877	77.79952682	98.11731476	103.0652029	99.77094046	91.12341738	104.7707062	106.9158693	109.2591112	110.1467825	111.083488	112.0097641	112.1430885	111.4414023	107.7256281
5.218395438	5.151362237	5.103147083	5.046034341	4.974726597	4.790325391	4.689165361	4.735900219	4.918374918	5.040074976	5.483577897	6.105568541	8.606916397	82.80315654	107.5854772	107.8200043	109.0297772	108.9554654
52.21142295	77.25092706	94.5050838	103.6859575	107.3189224	107.7503427	108.2734597	108.9345318	109.7166007	111.6354405	112.6005005	113.4975858	114.2482736	111.2259169	106.6	106.6	106.6	106.6
6.542647258	91.5713562	106.7343543	107.9941724	107.9941724	109.8108225	111.773992	111.773992	113.7426957	109.8713755	109.8713755	106.6	106.6	107.3236181	107.3236181	106.7809045	106.358794	106.358794
6.215211592	6.303574302	6.286658136	6.588559531	6.086616022	5.804976248	5.720394756	5.714782884	5.761104664	5.570146757	5.754936659	5.583041767	5.39869091	5.552872516	5.451624822	5.150093721	5.228049408	5.365517715
5.975218224	5.845877774	10.83664432	25.09122762	10.75502879	13.79732343	10.97995396	8.276756741	5.041628863	4.730588831	4.64363046	4.943643919	5.382601713	18.99142755	80.03431482	95.06521376	107.7542049	103.848703
5.538356835	5.367240588	5.150580166	5.042627375	4.908756553	4.874409814	4.878972935	4.867221638	4.839683356	4.818911269	4.675681521	4.532432231	4.469529632	4.470540215	5.01090349	4.709415458	4.650907971	4.735232254
6.260295883	94.84752366	97.85469848	107.7955985	108.6358661	109.6027699	110.5173846	112.3016738	113.1784601	112.0984833	110.6487805	106.6	106.6	106.6	106.6	106.6	106.6	107.1079365
5.331983785	5.496069658	5.647974364	6.029336043	6.145902982	6.598145132	12.37688056	5.897863223	5.305287385	4.74528048	29.88153387	8.019670883	4.931620562	18.12717322	6.697588987	42.87788432	11.55354987	9.167918361
5.532065475	5.419916573	5.161367634	4.976702452	4.928973542	5.029989862	5.140543683	5.244755904	5.275719478	5.515109135	5.543070647	5.524055776	5.34793467	4.974300462	4.547574399	4.548209953	6.460360026	6.07254819
6.033211805	25.94499363	19.28536733	14.59940035	6.320106474	17.60394593	14.76683118	7.135629437	7.441372951	6.819305894	6.178545574	5.693863207	5.379924262	5.367198154	5.541254732	20.09569005	5.187102114	5.151104747
4.710204657	5.23206125	16.83512645	17.82646605	79.87070033	87.94770177	95.88353465	106.2794083	109.3756164	110.2748027	110.7971919	110.9998053	106.6887135	101.9708159	105.7859296	105.9065327	106.5737991	106.7506276
4.710204657	5.23206125	5.240843341	17.82646605	19.00186963	44.21558639	78.20347696	108.3572752	108.9246757	109.5455464	110.0896937	111.197914	111.3325171	112.5035277	111.9497164	104.7283342	104.7283342	106.3094972
5.524206245	6.34696315	7.814839454	7.815048136	8.480875969	10.76626849	6.934533046	6.485026579	5.688236472	5.592500229	5.497909827	4.867062448	4.966139659	4.675681521	4.849738099	4.623711238	4.813305495	4.508563063
5.588816836	6.867574043	15.86750195	45.16485688	95.36672573	73.2515113	33.77950126	6.186339065	6.012110152	5.650771969	5.461483334	5.284945825	5.618390547	5.832359418	6.140265019	6.140265019	6.5956664	6.329307452
5.209681322	6.19857874	7.484022222	27.06898024	57.65592891	32.44151914	43.71157804	25.2307866	14.86665693	6.063250557	6.177959307	5.612115607	5.487507953	5.603176161	5.545849721	5.350761625	4.977178199	4.55050582
5.330674081	5.846305926	5.885836402	5.821841768	7.157445888	5.633073279	5.57476361	7.678344917	7.008212428	6.035410957	5.189718684	5.15375759	5.340690389	4.98039184	5.066521779	5.727521502	76.87289228	106.6865667
4.826963927	5.305445064	14.06005441	72.02152969	97.07827024	107.1597489	109.4778795	110.8383567	111.5436672	111.7891066	112.7538215	112.6627362	111.8230019	111.985005	111.0469969	108.6109041	108.9877807	108.1630414
7.154986018	5.838682167	5.747767674	5.884828112	5.330674081	4.934718138	4.585874405	4.417933087	4.450836145	4.64363046	4.64363046	5.227369563	6.870501745	24.10083134	70.96057381	72.3373899	107.8853791	108.5526441
36.02058289	77.55574908	27.06932224	7.491778402	6.973199557	5.886632498	5.604259359	5.328416229	5.547562925	8.277684215	11.01850802	8.691625678	7.036316996	7.029745585	6.702833707	5.649474863	5.622759481	5.059545699
8.505066057	12.8275866	25.23823978	14.77451771	6.791956189	6.089382989	5.458016412	4.928973542	4.760415862	4.920411112	5.300697002	5.780368777	6.176748092	7.097038152	6.329307452	6.057656332	5.302734656	4.925962049
6.1289002	13.79790262	33.58457632	104.0545854	97.90474604	32.63002518	40.12947986	5.630232799	5.199353636	7.654671005	5.079004512	5.935457966	14.0180727	16.55378536	42.88435664	13.49038536	5.292259205	11.95170918
5.379924262	5.405720341	5.367896134	5.443987474	5.192740078	5.211587132	4.87836579	4.622665475	4.536486543	5.908964128	69.34758073	87.05606122	106.4611857	107.1453715	107.6857111	108.7437176	108.4802619	108.0937343
4.533933814	5.139820108	69.35494251	86.9795211	106.7231262	107.4165361	108.6230314	108.4952679	108.9387873	108.0417344	108.448625	107.2725902	106.6201593	106.2883236	106.0088926	105.8866697	106.2680325	98.48550934
25.77928345	8.047060041	5.962151559	5.969357058	6.539402924	7.704928565	7.780920593	6.485909871	5.933783456	5.722533661	5.403548981	4.934718138	4.721385582	4.97454152	5.524206245	5.730772975	8.439327824	11.2097714
4.936382967	5.196738465	5.40775113	5.376834504	5.479837439	5.379924262	5.593135857	6.285893217	6.700599399	7.057605299	7.133104275	6.986163819	6.59226933	6.050837588	5.440559277	5.124109637	5.150759031	4.790110718
5.36572239	77.84421218	104.6408146	106.7894426	107.8292225	108.5828964	109.1732997	110.675256	109.2653307	107.4173208	107.5913215	109.5196862	110.4647571	108.7192162	105.7928291	44.10016568	48.13399187	19.05660099
4.931010602	14.29227029	98.43205246	106.9273303	107.1313891	107.4220651	107.8431767	108.1046886	107.6108932	106.7005587	106.6	106.6	106.6	106.6	106.6	106.6	106.6	106.6
4.676962088	4.757439963	51.3476357	107.0463476	107.4834661	108.1343464	108.5976681	110.0601958	110.1748978	109.9091684	107.0867725	106.5664804	106.4882682	106.4324022	106.5505929	106.6737796	106.4894472	106.2884422
4.536100486	4.757439963	38.72269868	106.5252149	107.0636044	107.8947595	108.4127511	110.1322517	110.8874167	111.647047	109.9878628	106.3662865	106.1490201	106.0406138	105.9415413	102.6664916	105.7959799	106.0066986
4.216202203	4.45269533	5.566822467	8.520154816	8.199867297	6.766449975	5.354185971	5.406728472	5.118996121	5.427512373	5.203705531	5.240796453	5.25626887	8.76588166	8.18092542	8.367580479	8.367580479	8.404299671
11.6659921	46.96528021	95.91733422	105.9951009	108.7429372	109.5276373	109.8439234	110.8873262	110.683922	111.2085369	110.1577148	107.6525141	106.3094972	106.3765363	106.3765363	106.4882682	106.6446927	106.6446927
5.490331587	44.66653611	106.8939522	107.6085462	108.1418835	108.7065245	109.2632116	110.1486429	108.4729097	106.7340782	106.7899441	106.8681564	106.9687151	106.9687151	106.6	106.6	106.6	106.6
5.594370657	17.86272698	46.70793982	104.5805285	108.8878109	109.6006779	110.5628225	111.6358395	111.0744289	107.6060434	106.059903	105.8790348	105.8877136	101.1340725	105.8160804	106.5277108	107.3481663	106.1061125
12.97155198	82.97192114	94.48686817	107.612121	108.2668283	109.7069291	110.61319	112.4794881	113.2152315	111.4036411	107.1079365	106.4882682	106.5679134	106.4945816	106.4835538	104.9943068	106.2931217	106.2931217
5.142641181	16.04995152	82.6758252	106.2182772	67.51573567	95.52965363	108.0977931	108.685212	108.134346	107.9724753	108.1029446	107.6923695	106.6	106.6	106.6	106.6	106.6	106.6
4.615089212	5.102565963	7.022592866	7.022801547	74.13704652	85.91086777	108.6499525	109.0822639	110.0608645	109.5428448	108.3676637	108.0279011	106.7773354	85.96939565	5.82243475	5.229850643	5.004444955	4.863674018
4.766308289	4.902587363	5.159504752	5.520017528	6.170173391	6.170173391	7.685343647	10.48370694	14.80536948	9.945464858	23.78288741	13.69596769	7.160859774	6.729095364	6.729095364	6.898049823	6.894120222	6.355815353
4.953925216	5.616722137	13.97512244	51.93467611	98.293435	108.2132826	108.9255488	110.453902	111.4686708	112.6083707	112.7447913	110.5492007	106.4545439	106.3064378	106.2699027	104.6860549	106.0314492	104.6860549
5.133089624	5.616722137	13.45193822	23.23262609	96.48506612	107.6262421	108.5032883	109.8837189	110.606724	111.3926267	110.1306781	107.3437186	106.7005587	106.7340782	106.6	106.6	106.8681564	106.9068783
5.230507704	5.630157099	6.128007515	69.16777669	107.5190342	108.1080528	109.0697076	109.6518307	110.3001393	110.1796336	107.9994227	106.3962244	106.3430168	106.3988827	106.477095	106.9280423	107.0824121	106.8010582
5.380395717	5.55872077	5.911815344	5.822837839	6.522573567	7.58689825	5.459709072	5.185899242	5.490331587	5.594370657	46.69796147	46.69796147	104.6775175	109.0058562	109.6088639	111.2267315	111.2267315	112.8370468
5.324674648	9.45681514	6.556856333	6.557231626	6.525395016	6.05012667	5.32008885	5.159423032	9.517987219	7.012614516	7.280265514	38.94392784	68.17041229	95.51070594	107.7394281	108.0027118	108.0716036	107.8541099
5.406728472	11.58182156	18.43366634	30.81919504	92.22889297	98.5657666	108.5425258	109.0845761	109.8002963	111.2224396	111.7383573	111.4330341	108.1467969	107.848686	82.90646307	11.16437475	9.476073233	6.427302192
58.16324131	95.68884096	107.1486233	107.1478998	108.4250915	109.7644773	111.122367	113.3011318	111.2609808	107.2455026	107.2455026	106.6	107.1417182	106.8333184	106.5692595	106.4910951	106.379414	106.3124286
7.685343647	8.367580479	10.48370694	12.26593649	9.945464858	13.69596769	9.17155004	7.160859774	6.729095364	11.94738116	6.676700067	6.470929224	6.661275954	6.185850173	4.980486815	4.709631692	4.709631692	4.830795105
18.87761247	47.15747201	94.51218123	106.9911938	107.470307	109.2001554	109.1194859	110.2844756	109.2334001	108.2150058	105.7023239	20.3751058	6.967653058	5.650419324	5.04661917	4.867500121	4.512452711	4.762469474
9.969385525	47.18635784	91.35859337	106.995865	107.5939242	107.7968739	108.4254754	108.9097073	109.6161173	111.2444937	112.4495827	112.779239	112.3157065	106.5604061	106.2218267	106.1372185	106.0737772	104.6860549
14.06428786	47.18635784	91.35859337	91.63150124	98.293435	107.7968739	108.4254754	108.9097073	109.6161173	110.4189375	111.2874099	112.8366848	113.7321041	112.4172716	107.5312169	106.6	107.0916201	106.9687151
14.06428786	39.17378254	61.20924843	74.7443783	89.07491037	84.86917743	77.38360456	71.63515225	104.0722686	107.8728901	107.8728901	108.6720848	109.482768	110.3025992	107.7880252	107.6525141	106.7798942	106.3430168
5.159504752	4.902587363	4.760739141	4.815223147	4.818713988	4.932275695	5.279746268	7.098575125	5.636531285	5.335974271	5.354944764	4.27743865	4.560599245	4.338370387	5.072783225	24.47570353	24.32152193	88.37318977
5.806105251	45.22727415	53.86848442	98.09642972	101.591855	108.1598842	108.1392091	108.3715608	104.7705941	86.97345072	49.04220086	5.506122712	9.517987219	7.012614516	7.178481563	38.85720069	67.34176615	95.50797184
5.806105251	45.22727415	105.2012745	98.10405685	101.7168578	108.9501432	109.0834143	109.3486143	109.8974252	110.9385973	110.7055988	109.7122911	109.1624106	108.4504474	107.2634665	86.7358995	11.18424973	6.3464773
35.74138573	6.715222253	6.362862282	6.59801419	6.185850173	4.980486815	4.758415716	4.833320267	29.10653664	10.21170052	31.04159725	5.288227018	4.811020185	4.269654524	3.717342515	3.682311907	3.878780351	4.091811521
101.2052945	93.68262682	101.9584077	75.86986282	13.96463947	5.144452852	5.137106845	4.677421422	5.27679313	43.2287045	73.54777203	74.83311493	102.6933832	103.5209281	109.1889918	109.858825	109.5219692	109.9551347
101.2052945	93.68262682	101.9584077	75.86986282	14.13297103	5.956914853	6.028216651	6.073303612	17.50422545	37.3622602	37.50749681	5.160671855	5.29383298	5.141361369	4.465884211	4.753225011	15.00001513	31.96975196
81.59157849	107.3181356	107.5446644	107.6165817	108.932513	109.6935581	110.5874255	111.2800379	112.1347122	112.7919782	113.6924292	114.1780315	108.474477	106.4518519	106.4142682	106.2885731	104.4909188	106.0285714
13.69596769	9.945464858	9.945464858	14.80536948	10.48370694	7.685343647	8.18092542	5.516601765	5.25626887	5.246231905	4.975462262	4.973155429	4.815223147	4.815223147	4.929796963	5.149437337	7.096049964	5.514609684
73.33746945	105.9033708	106.2573682	106.798519	108.4059496	108.4059496	111.2296713	113.4266728	112.93303	107.5312169	106.6	106.6	106.8681564	106.8458101	106.8458101	106.8681564	106.7899441	107.2031746
11.32432693	80.70525526	106.281497	105.1103385	107.4182705	108.7333379	110.3402749	111.5641203	112.7791798	111.5466428	106.569097	106.490921	106.3792283	106.3122313	106.4338352	104.7283342	106.578836	106.4941799
9.194414331	21.57983018	74.74881862	102.5675084	103.4323941	109.017414	109.1090229	109.8585232	110.0831229	109.7625818	108.3100946	109.0872179	107.2805163	106.2323637	106.2959008	104.9943068	106.298324	106.3318436
4.490321856	5.144157031	5.63162586	5.961329266	6.019585203	5.921693597	5.470198696	5.24755353	4.614778961	4.484003009	4.542370505	4.253161708	4.024900132	5.380694503	40.34543288	58.11271106	107.4644161	108.0622832
4.980486815	6.195486523	6.561922855	6.355327842	6.679159937	11.94985989	6.769351472	6.739840149	7.160859774	13.69596769	23.88467136	12.35266365	8.163390912	8.521762084	7.820854824	8.18092542	5.516601765	5.497177629
5.502639954	18.68676357	86.51146558	82.95298113	100.999408	107.0694777	105.3901106	106.3924005	106.822958	108.8710467	109.8533092	111.1968649	112.5497916	114.0462605	111.8307692	111.8307692	107.5312169	106.6
4.709631692	18.68676357	75.19352736	107.7993285	108.1382729	109.2616145	109.7303724	111.2529618	110.9320528	111.848836	111.4035451	111.4272499	106.6740437	106.5692145	106.4687009	106.3905365	106.3347213	104.9234703
4.79305122	6.73913111	6.406169448	5.593816771	5.288034045	4.810806899	4.296431752	3.714563442	3.654936446	3.739712142	3.875902614	17.72751454	4.812060766	9.023062701	13.52370503	12.99170076	5.034942219	6.647330312
6.017125333	17.36428126	9.257934205	5.317962463	4.674896261	4.199343717	4.112346361	4.391917334	4.79305122	6.871261332	6.396191098	5.591256871	5.285574175	4.808328167	4.266920429	3.714563442	4.426036371	4.776456304
5.22538451	4.522089061	4.474020891	4.579655916	4.544481035	4.34148411	4.02470861	5.38048557	32.01853598	39.72870645	70.82606906	108.2994577	107.8654309	108.6257447	108.4101473	109.0168597	108.779676	106.7340782
4.981173497	65.70846671	93.27152405	106.0053673	106.4318905	102.9852892	106.4557602	92.83655207	100.2085344	98.20713063	109.2848038	108.5549619	108.518664	108.7625227	108.7109845	108.2150235	108.5309154	106.6884956
4.981173497	65.70846671	105.891496	106.7529684	107.8357272	108.9126126	110.6966936	111.9870987	112.9807686	114.0841717	114.1257284	106.2211187	104.4909188	106.0285714	104.4909188	106.1343915	106.2402116	106.479397
6.49547189	24.38677208	100.3185995	101.9586164	96.0182094	82.59991885	84.24786066	22.95791092	7.17278582	13.70838066	9.958411126	8.176916851	7.699495631	6.258240417	5.522796602	5.02514495	4.940364868	4.760739141
4.471590039	4.602918266	4.723296864	5.235571542	5.407426587	5.929958381	6.032567856	5.961410518	5.731521259	4.502734825	4.120928331	4.114999205	4.394609352	9.921592746	6.531702275	5.786392966	5.459630753	4.808328167
3.877047733	4.558088916	9.905349861	62.93953281	103.9821121	103.9670553	108.8561886	110.3413635	111.1337018	112.2299141	112.9571623	112.6096246	108.9499374	106.688067	106.6921645	107.0366894	106.8251	106.5288573
4.022208114	5.377960408	27.17494869	39.72870645	70.82606906	105.8616857	107.763647	107.9337149	107.8155787	108.3751262	108.2995582	106.7005587	106.6	106.6	106.6	106.6	106.6	106.6
4.759168054	52.36617265	102.112153	98.43548133	107.9831149	109.2742026	108.5777262	111.2332103	108.6242574	108.5309154	106.2100279	106.6884956	107.2371681	108.058194	107.368559	107.8052402	108.0736842	107.5312169
59.29008008	106.483191	106.8721019	107.350783	108.2279342	109.0820766	110.1461964	108.8818336	106.8718447	107.402589	108.1145631	109.5442379	106.6	106.6	106.6	106.6	106.6	106.6
12.36096801	68.43005895	105.9951803	107.3745882	107.8357272	108.3919493	109.5128767	111.604589	113.5855772	111.7113252	106.1370081	104.4935717	106.0312634	104.6089641	106.1343915	106.2402116	106.3037037	106.680402
6.551413589	28.72007801	23.19668153	65.68013156	11.08372105	5.305610494	6.132539712	6.506957385	32.69458071	13.92808572	13.24689737	60.41312429	29.30692364	11.96220556	6.755383344	13.71227605	12.28305639	10.64002885
4.266920429	3.714563442	3.582061547	3.679484953	5.029340158	4.223854529	4.314319315	4.779185416	4.645073701	5.840771083	4.860885641	6.647330312	5.723417581	12.97548032	4.872115589	8.311763226	7.299965697	4.466600636
18.96498995	15.63441197	87.88328682	106.5890034	106.7797838	107.1597403	107.3503937	108.6745759	109.9905324	110.2272496	111.400795	111.7611369	112.487083	112.487083	106.6	106.6	106.6	106.6
18.96498995	97.34825056	82.05261287	108.2003177	108.9226083	109.2111156	108.0811602	109.084565	107.3506992	106.2110488	106.3025045	106.411167	105.3123063	106.4275425	106.3430168	106.3988827	106.477095	106.5776536
6.396191098	9.918858651	4.79305122	4.391917334	4.112346361	4.071282957	4.490321856	5.134606349	5.701793376	5.961468555	6.019741903	17.50687829	9.8849685	6.975250968	4.524339789	4.58003896	4.794784388	5.250628568
89.82960189	57.82557353	57.79702969	75.2220712	18.64824138	19.37365605	27.63247985	7.477049462	6.352883932	6.676700067	11.94738116	6.739840149	6.739840149	9.17155004	54.35604877	9.945464858	32.08702674	10.67884304
96.26435809	87.43484016	105.8936824	106.943185	108.4126976	109.6162501	110.6834172	110.3934435	111.588856	111.5392447	109.8244605	106.8777851	107.1780013	107.7678908	106.5974864	106.4546788	104.9023908	106.298324
5.673998013	22.23082185	64.03482185	102.5636156	107.6632175	101.2520428	108.157776	108.7490953	109.3651192	110.4588742	110.6439709	108.1589252	105.5230005	104.5135976	104.7827277	90.73017897	104.9007057	104.8384824
4.722254442	4.763020018	4.822513351	5.01305577	5.224692108	5.467180928	5.554165417	5.554588165	5.477549516	4.868834746	4.663513938	4.531500144	4.450336802	4.374363101	4.447907902	4.447907902	4.786543322	4.76329323
5.411463229	5.422622208	6.022606249	6.796199818	9.758869632	9.758869632	16.8373323	16.75355919	31.65737089	11.00811927	6.124888983	5.598176934	5.889410328	6.744580153	6.744580153	8.134414079	4.88750044	4.843642197
5.342715205	5.899539916	72.7720474	72.76462895	104.299806	108.1825162	108.9388927	109.0437725	110.1028264	110.9639254	110.9879709	107.7476591	103.3319878	106.2546185	106.1555827	105.8397747	105.9949401	102.99101
4.845607732	4.736485648	4.651421707	4.562667811	4.592874666	4.591662294	4.538432565	4.478701804	4.458629728	4.59980214	4.542315382	4.502584802	4.455012347	4.417531428	4.454317528	4.533229495	4.589036375	4.566081363
5.554025691	17.59592215	86.28790001	99.75435974	106.6310303	107.9575734	108.7575251	109.5090602	109.9471016	110.5366485	104.3705885	108.8936084	107.9906295	107.8888455	108.3940762	106.8063037	107.2489676	108.0545455
5.554588165	5.07500307	4.868834746	4.663513938	4.531500144	4.450336802	4.374363101	4.447907902	4.569123167	4.652513093	4.760361809	4.835034564	4.902638497	4.973168423	5.033293219	6.150280048	6.257737149	6.243316153
5.498857415	37.91397787	10.52270787	6.706774861	17.56675973	17.10101511	12.20063769	29.12343013	11.11385146	6.127472181	5.600793504	5.976137481	25.68081839	17.84757907	42.08750034	9.103788111	4.553319356	4.781145091
5.01305577	4.822513351	4.701138048	4.74393623	4.867492362	4.934521767	5.047199687	4.903925409	4.84101638	4.745724419	4.59568286	4.756834572	4.758953515	4.634031368	4.790130127	4.612811333	4.880513385	5.306206653
5.867522687	27.28469071	54.0158553	107.1392506	101.2454178	106.887355	108.9993494	109.7794616	111.2000437	109.7985394	108.2722181	105.1488127	104.5108635	104.9709273	90.20800923	104.9730069	104.8413601	105.1098952
16.75355919	12.13705985	6.664995257	6.665008316	6.574965068	6.083088634	5.969344821	5.413988391	5.383364247	5.345298403	4.867996578	4.770794324	4.69746681	4.749864465	4.792680741	4.733568659	4.790130127	4.458629728
38.51255846	80.06151831	96.47538452	105.8524163	92.19322751	77.55545437	38.5206965	6.161688249	5.586578296	5.567001134	5.087949337	4.882360684	4.505791085	4.462430127	4.450686976	4.814364609	4.845738873	4.837965985
9.877608764	43.19864676	95.52111171	99.58374226	105.9354988	89.69541341	106.5029767	107.5695599	110.2412658	111.2874774	112.2043482	109.3996453	113.0312307	112.2590219	108.472539	106.6914589	104.5130259	8.729686279
5.598176934	5.899046678	6.747011005	4.418733007	4.715903732	4.624415227	4.553319356	5.978327768	30.72411458	35.99181945	7.573859309	43.37254339	8.15758162	23.27209591	13.1495369	5.877599187	6.864750467	5.056021735
66.18015295	106.5257297	106.8483414	107.2690225	107.590493	108.7472458	109.1990385	109.7054971	110.3953195	112.5425807	112.7651932	112.9071814	113.0568668	106.4636788	106.4338352	104.7283342	106.4941799	106.6201005
90.33588185	106.8154368	107.2899126	107.8493535	108.9144096	111.505016	112.6107381	111.7190507	106.861967	106.459424	102.9839725	106.0995053	106.3772005	105.7455912	105.8383003	103.6872363	104.8523056	106.3030568
6.471877848	44.6632143	76.76915832	104.4523357	104.4096279	108.4293786	107.756554	105.1830551	109.9856308	110.3929328	110.9580665	109.1463468	111.5047886	111.7424155	112.0674836	112.205605	105.0323699	106.198635
4.652513093	4.760361809	4.835034564	4.902638497	4.973168423	5.033293219	6.150280048	5.277911189	5.407248393	5.451704138	5.237455491	4.98118838	4.678854252	4.525965122	4.418283424	4.524069358	4.585570598	5.025583338
4.739272499	5.250632432	5.250632432	28.64451419	10.7587485	9.268295944	6.781129414	6.847881265	7.088487322	6.841954042	6.613533473	6.384150422	7.183970517	6.883328559	11.01476509	10.11084354	10.11084354	7.617396826
5.137007471	79.397762	106.9658338	107.7011514	108.1794058	108.8681183	109.7944037	110.7147129	109.0387785	113.525068	111.4733525	109.0366015	106.5849294	105.9250567	89.78279507	63.88078016	71.29768349	4.713443862
4.355253694	4.531500144	4.663513938	4.868834746	5.07500307	5.554588165	5.554165417	5.467180928	5.318348091	5.01305577	4.822513351	4.763020018	4.835464916	4.852435564	4.934521767	4.934521767	4.970808188	4.865380008
8.077539023	8.067044439	61.99904323	95.63337235	97.73642701	109.143708	109.74797	110.247672	104.2342857	110.359788	108.0801244	104.8834773	106.69319	107.2989619	107.5462366	107.949258	106.5663481	106.5207396
4.602733438	4.723080212	4.418719949	6.747024063	5.904467125	8.5172905	6.154400306	6.124888983	11.4844997	29.1614883	12.1274235	17.21658167	6.653685989	6.575239293	6.025385323	5.956729252	6.002437455	5.380811518
5.978327768	59.06020441	79.12574814	106.3994703	106.5631676	106.722455	107.119267	109.2638393	111.6554248	112.8910139	113.9195456	111.7951396	111.0107652	108.9048369	107.8905189	102.2581113	26.62149198	5.50603216
70.254443	59.03131858	106.2166081	106.8707406	107.8699743	109.2433475	110.689317	112.4564461	111.095474	109.4362629	112.8587031	113.0840071	111.894287	108.0778788	107.1842751	107.0476033	106.5027831	56.64057369
30.65123968	89.2234678	106.2264706	107.3373655	108.3712585	110.2027937	111.823386	110.954504	111.6949914	106.2569038	106.2569038	106.2144578	104.2462043	110.4849722	111.5738998	112.3090664	109.6830589	109.0668564
30.65123968	89.25235363	104.401265	106.997944	105.9711131	108.1668335	109.1945033	110.0897425	111.5138186	112.4317966	112.4317966	111.7435464	107.0916201	106.6	106.6	106.6	106.6	106.6
4.463669215	4.63752994	4.644787799	4.644787799	4.698059011	4.890855505	5.772201605	6.685875713	4.860885641	12.79656467	13.48997781	8.955608249	4.710276815	17.60946925	6.928052485	4.689729151	4.643456526	4.086653359
51.06422119	106.1752006	107.2421659	107.5803189	108.4487988	110.4020366	110.9862677	112.5745779	112.8680587	106.3697244	104.7283342	106.6301508	106.6301508	106.6637293	106.5625781	106.3700227	106.6259084	104.7283342
94.86696813	106.2501067	106.8032118	107.590493	108.3612765	108.027932	111.0842012	112.6442883	114.111824	110.0260808	107.1188285	106.5172421	103.3543698	105.6951036	106.1645176	105.5184896	105.5988617	102.9939414
17.14695599	60.15940922	105.978213	103.9505343	109.4202924	110.1571838	110.7971066	109.0851103	110.17924	107.6621242	107.7142191	103.3877142	106.5964224	106.05101	106.0886725	106.8758075	106.8591451	106.0156891
6.150280048	5.277911189	6.002407394	5.451704138	5.237455491	4.98118838	4.678854252	4.525965122	4.418283424	4.425222831	4.585570598	4.784674579	4.976163338	5.102442405	5.055308005	4.915840164	4.859011598	4.926455104
19.27314948	6.085166248	6.297764939	6.791316446	6.858323352	7.098419493	6.616033969	6.786006776	7.186523246	6.943555748	11.01476509	28.99234959	39.16127717	7.735442118	6.108501119	6.463811022	5.853508336	5.920360517
4.835034564	4.760361809	4.652513093	4.569123167	4.447907902	4.374363101	4.450336802	4.531500144	4.663513938	4.868834746	5.07500307	5.554588165	5.554165417	5.467180928	5.318348091	5.395754006	4.822513351	4.763020018
17.14695599	60.18829506	95.48241913	108.4748083	109.2467119	105.18053	109.7756396	109.6910399	108.800267	107.2807388	107.2807388	107.4377581	108.0545455	108.1907336	107.0978166	107.0691087	105.2239736	106.4577406
17.14695599	60.18829506	95.48241913	106.8470478	108.4350166	107.7682523	108.2991551	110.1055073	110.0771936	108.8349551	110.2826303	104.2369385	110.6012898	110.7616366	110.9024593	111.1160061	109.9041413	106.5645597
4.525965122	4.418283424	4.524069358	4.715282518	4.784674579	4.976163338	5.102442405	5.055308005	4.915840164	4.757174268	4.589643438	4.726509123	4.523373579	4.618105542	4.94744129	5.192926741	5.391344136	5.466166951
5.858561937	51.308117	98.94636711	77.9468687	44.31441044	49.02596109	18.53048914	15.29891796	11.02669114	10.12325651	6.573397604	6.129348689	5.75959334	5.682185853	5.805033618	5.663397184	5.746252401	5.775120359
5.451704138	6.002407394	5.277911189	6.150280048	5.033293219	4.973168423	4.902638497	4.835034564	4.879203145	4.652513093	4.569123167	4.447907902	4.374363101	4.355253694	4.491639101	4.657951347	4.868834746	5.315911829
57.4191277	79.24793681	97.93752544	108.111229	107.5468525	109.845354	110.853945	104.1657383	111.015894	106.1144039	106.5354343	105.8097264	105.0067994	106.8562674	105.9946096	108.3825773	107.7318176	105.4015112
5.826583194	5.813642546	5.756230751	5.67767116	5.619592821	5.68193049	5.759401818	6.129221008	7.619949556	10.17107073	14.7869464	11.13281039	15.38921642	18.51939782	18.51939782	8.648554843	9.670880814	7.091418742
5.526909722	5.275360166	5.091681992	4.995209503	5.014561543	5.130837812	5.248711409	5.465663824	6.253048645	16.37224869	35.42984957	100.0107452	99.72622	49.49403731	20.05267017	6.643547024	6.487416605	5.179495742
5.526909722	5.344351207	5.265090909	5.274616982	5.214627169	5.291234836	5.608645193	5.608669859	10.5713749	16.20648769	80.39856754	90.98964545	100.0096535	109.192779	77.84841707	42.65707702	17.90059096	8.605626608
5.562623328	5.464342424	5.433124425	5.589282358	5.884517334	7.844218926	49.03723185	53.6070116	25.2759965	14.96000304	26.4833578	53.61631133	53.52958418	65.55216819	69.40179006	79.76115457	82.36637025	44.94703767
6.529371969	76.2782625	106.9719021	96.6477538	108.2259645	108.9858198	109.8502248	110.7647023	111.5917624	112.0941881	107.7141553	106.6	106.6	106.6	106.6	106.6	107.0916201	106.9687151
35.33137424	105.5236974	107.7497582	108.8820708	109.863965	110.9834489	111.288041	111.288041	110.9592401	107.0784689	107.4662207	106.9534739	106.5931226	106.7031525	110.1165635	112.0481664	111.7350483	111.9890108
35.33137424	95.97113289	106.9661036	107.5976508	107.6295091	106.7060787	109.0907593	110.1269043	109.7559338	112.3116496	111.9208084	113.2071772	113.2444081	113.2838377	111.9748872	112.7549615	112.5160503	112.5846751
26.18697615	15.80789004	71.2580575	85.76569827	97.03575433	103.3221134	108.378915	108.6886599	109.9997128	110.4711715	111.7430791	111.7430791	112.8505344	112.8528534	106.9687151	107.0916201	106.6	106.6
4.324047719	13.60553063	33.87456957	88.30267952	100.4009235	109.0503528	109.6233739	110.2641061	111.5201953	111.6581427	112.2929057	109.1051903	106.6	106.6	106.6	106.6	106.6	106.6
7.545842458	16.3859305	22.16570263	86.74579821	106.758358	107.3177922	108.0981778	109.7853768	110.8013248	111.9819742	111.9819742	111.2503067	110.1451505	107.0916201	106.6	106.6	106.6	106.6
7.545842458	16.3859305	22.16570263	65.81253836	105.7385742	104.7348744	106.9203813	107.2279042	107.5753234	107.9816024	105.548115	107.1804749	106.7135371	106.4994975	106.7507538	106.7507538	107.0623116	106.7340782
3.895971056	6.408753097	11.53399388	51.92604746	37.94310862	92.13754576	104.8782251	104.8319663	108.9646035	110.4106945	111.2157797	112.1809522	110.0859406	108.2845878	106.1767196	106.2825397	106.3883598	106.5365079
4.095737022	33.2655652	102.7268325	107.1024133	107.3915656	108.2401265	109.0631058	110.2195171	111.0393989	111.6018762	108.4242678	106.8751323	107.0656085	107.2984127	107.1079365	106.6	106.6	106.6
4.116634112	9.909669825	46.48234803	46.47492958	97.48760233	107.3309108	108.2257172	109.0446166	109.819886	108.7221147	109.4141962	106.2402116	106.3248677	106.578836	106.7481481	107.1291005	107.1502646	106.5664804
3.660963336	3.82027221	4.059423027	4.3278915	5.194612866	7.679216299	27.75848703	15.2237614	17.64472016	41.93894919	41.93894919	30.39270628	28.22098139	24.80456469	46.73117075	68.79651203	79.60697296	74.2271767
26.63140854	68.92884085	96.16584532	108.0279662	109.0205007	110.1978337	110.604464	111.633692	112.3413733	112.0146676	109.3644788	106.6	106.6	106.6	106.6	106.6	106.6	106.6
11.83036377	30.09863161	49.82168555	71.25826618	65.56543204	77.66254338	72.89196963	63.19966251	88.54114437	100.3744235	109.028671	109.6338196	111.0247177	111.0247177	112.3678052	112.8574309	112.9337454	106.6
4.059423027	3.82027221	3.660963336	3.643548747	3.702544752	3.895971056	4.315021291	5.762356894	12.15546036	27.92216136	90.2465995	92.05352369	105.0045852	110.0350638	110.7617994	112.0869795	110.1582132	110.4957916
5.098101625	25.62553503	106.6168276	97.41106221	107.5190396	108.2249657	109.0066591	109.636072	109.9491715	106.8569015	106.2402116	106.2402116	106.4518519	106.578836	106.9174603	107.1291005	106.7899441	106.6
7.322269158	52.82002483	99.27227498	107.6807942	108.401701	109.3871839	110.3412053	111.4251733	112.5963834	107.6502283	106.6670391	106.7452514	106.8458101	107.0916201	106.7899441	106.7899441	106.6670391	106.6446927
27.75848703	30.29697102	15.22619226	17.64716407	42.45743309	30.41438807	28.22098139	24.80456469	46.73117075	68.79651203	94.84749408	74.2271767	63.01083257	101.7223981	53.66509536	57.01831048	26.48074123	14.95741984
99.02565999	100.8132024	109.0126387	109.1219604	109.0180066	108.8788924	108.3508809	99.8200936	48.4442906	49.13925385	10.47166522	6.098107583	6.222936985	16.5238471	49.36016273	99.8373364	108.038761	58.55811064
103.6310003	100.8132024	105.5737372	108.7745148	110.1237623	110.8839033	109.8441711	110.2472347	107.0435146	107.2940639	106.7693122	106.6111732	106.7340782	106.6	106.6	110.789415	112.838842	113.7202858
100.1762267	107.5430228	107.6725337	108.0733979	108.8736785	109.9033561	110.7984733	109.6487106	107.1829146	106.6446927	106.7452514	106.8681564	106.6	106.6	106.6	106.6	106.6	106.6
53.52958418	65.39798659	69.39901098	86.61601246	79.60697296	68.79651203	44.75190158	24.80456469	28.22098139	30.39270628	42.45497322	17.64472016	15.2237614	30.28733467	22.37682973	7.322269158	4.733140776	4.523027595
57.01831048	106.7801076	107.3828563	108.5625903	108.5625903	109.8945968	111.8223846	111.8223846	112.7469649	106.6	106.6	106.6	106.6	106.9687151	106.9687151	106.7452514	106.5664804	106.5664804
14.95741984	48.03708183	53.62615517	37.13328603	7.957706064	5.878175543	5.438765564	5.266955112	5.335735429	4.968265188	5.078193521	5.41224722	5.559005353	5.659859359	5.85166149	5.672349395	5.791189529	5.838424613
5.180040534	5.787390552	5.749566346	4.876414928	5.129561971	5.393822868	5.468667447	5.41229231	4.993130383	4.767125006	4.812939409	4.800011137	4.738471847	5.822925521	5.878379505	5.203919988	5.1188531	4.879125379
6.627238662	9.821366906	9.821366906	18.57813964	16.55226411	13.35630874	28.37070141	20.44166478	19.17463662	42.41455004	17.86494094	7.479378731	12.09176686	22.52918205	20.74045389	21.00170455	14.45836557	7.84644266
14.23917802	97.34841594	106.5621645	107.2711513	107.6623685	90.08936758	48.11070802	23.30184073	9.198740504	5.714555335	5.343622467	5.206126921	5.113885623	4.992765593	5.094826671	5.264429951	5.640743195	5.479611493
5.161517927	4.917484173	4.879659967	4.95450736	5.065750091	5.113185921	4.795765898	4.597056093	4.455334492	4.352551558	4.528581692	4.983841223	5.339239441	5.605885744	5.54275957	5.277911189	5.657124177	5.621946369
5.238817145	8.319561552	4.736487473	4.695733376	5.112587202	5.319610174	23.61105889	31.14771028	102.4782436	95.28296366	88.57283499	108.356698	109.1931338	110.4414698	110.4414698	104.1632131	111.0133413	111.0133413
93.80601264	100.5695816	107.5464482	108.2515907	107.9734468	109.1467811	109.9410957	110.230973	108.8696333	107.5840952	100.0436068	100.1616521	47.99599425	16.92510969	5.090477271	17.70636007	9.743201197	5.870470494
4.706897816	4.634719006	4.654293656	4.646324246	4.667222038	4.787327298	4.901187321	4.873239917	4.766267299	4.454335705	4.331000106	4.267247225	7.47125744	10.32776159	11.68900538	12.91768319	30.09768784	30.32443823
5.805259376	32.71764128	97.32240352	105.5815211	104.4655445	95.65846638	87.57382499	58.04443755	75.91802803	55.94196621	68.20158058	15.55889278	22.48518043	26.36642967	14.28708807	7.849269614	10.7195359	12.26301983
5.805259376	32.71764128	97.32240352	90.56083144	68.12353779	24.21679463	14.96206518	9.832852401	20.06723863	85.0438487	102.6067765	107.2141463	96.6323049	41.00932342	19.14890177	6.234671793	5.627828182	5.270747568
5.405791994	5.316599165	4.94744129	4.738817452	4.640060847	4.60933835	4.685546345	4.859011598	5.047078535	5.055308005	5.102442405	4.976163338	4.784674579	4.585570598	4.425222831	4.349968359	4.743385277	5.394076115
93.80601264	100.5310594	107.9551868	109.0985134	110.2945343	111.2432579	112.0015195	111.6246667	113.5480898	111.6449151	98.21992959	111.187951	105.2454733	104.4393025	106.4934169	107.2322188	109.0267352	108.3859532
6.217691921	10.33466385	11.92465076	9.317258144	16.83432982	26.82213117	33.33858056	38.11887071	8.823065601	9.915916379	6.358217606	11.48783938	39.86622179	30.33708418	14.35087683	5.897308248	5.755032444	5.916358308
23.64794407	22.86811635	24.18082013	26.30953811	29.37217123	28.6832284	18.41706543	32.99045055	20.45285132	12.60771372	11.0377466	11.90463385	4.927546503	4.785296325	4.446711519	4.309078843	5.358721602	4.465394493
13.85481782	77.80764962	106.7885067	107.7622934	106.2171468	108.7417978	110.0237163	111.1763293	110.1543424	108.9366817	106.7531569	105.9134536	69.20036352	41.77109118	9.789421647	4.886066634	5.109975011	4.248029313
8.573687955	77.80764962	106.6450257	106.6467716	106.1720127	108.7623088	110.0237163	111.1763293	110.1543424	108.8205584	107.9629763	105.9705891	100.6270114	65.0360541	87.42119888	55.9458616	20.45878468	13.37428655
4.229216156	4.394108515	4.693392399	4.873239917	4.901187321	4.787327298	4.667222038	4.636687896	4.681965845	4.625082655	4.706897816	4.920255483	5.194634855	5.343334613	5.405791994	5.316599165	4.94744129	4.979726211
87.47579238	105.532396	103.0141854	106.9275813	108.8382084	110.4894287	112.7874227	113.1381008	108.5193238	110.5126214	112.3237025	110.2663522	109.7930364	109.0332042	106.6061027	103.5478589	57.16481854	23.819629
98.05091579	105.9093155	106.3317368	107.4108471	109.2917932	110.0263566	111.6841462	112.4329644	113.1527748	107.815311	107.5312169	106.6	106.6	106.6	106.6	106.6	107.0916201	106.6
10.33096707	19.28280111	23.08709054	35.33526792	27.42470706	38.52232919	17.98533538	27.07930697	9.362550982	16.6079116	19.34786533	15.99728077	5.359908656	5.135727113	4.957208103	5.142029583	4.901620794	4.922414133
23.10563906	106.1822248	106.8679625	107.5936947	107.5936947	109.5139791	112.2462888	112.2462888	113.6436535	106.6	106.6	106.6	106.6	106.6	106.6	106.6	106.7899441	106.7899441
6.298020191	10.67617065	4.245097892	4.497633779	5.420897993	5.107097275	4.883239679	4.739080799	9.472638154	5.844893545	12.06788373	10.71665816	7.84644266	28.38836593	18.86837857	26.51787718	22.62855692	15.74050294
23.64301378	91.64671881	106.6720281	93.70606478	38.13472087	19.77115353	13.8705973	10.87366666	8.393680901	9.128822924	10.61526138	10.10426302	10.01753586	17.32728319	11.6060031	31.04812708	21.67007851	5.486920153
11.0377466	9.078086574	6.505677593	7.063894973	4.446711519	4.309078843	4.254244201	4.465394493	4.519612385	4.408200628	4.408200628	5.562149064	5.268454347	6.772375041	9.197241253	7.365513165	5.964623045	6.097858773
61.09964892	106.9803198	106.9517759	108.0873204	108.013071	108.545552	109.1758428	110.0290017	110.1989332	111.6037655	107.2124402	106.7904762	106.7904762	106.6	106.6	106.6	106.6	106.6
23.57872024	57.02928415	102.8616109	102.8618196	108.2238294	108.8846028	109.2948063	109.7862817	110.7001714	112.2211552	111.072873	109.1742099	107.844866	106.6705183	104.4923216	97.2191803	44.10285393	4.80368823
18.41706543	27.56559236	24.01390426	26.31209801	24.18328	22.88979814	8.381437391	5.020044035	4.370354846	4.264594382	4.383309834	4.818275279	4.908070598	5.567022823	8.232496194	5.745695282	4.841278616	4.877596655
6.285342706	5.291784059	5.351974975	10.24758723	17.56262055	5.473526476	5.686425718	5.740051433	5.639747699	5.470395862	4.859260906	4.628419041	4.680859618	4.987851703	5.707643306	24.78776154	49.64989783	90.44974085
33.33608006	26.81965244	26.83470923	16.83431386	9.317274105	11.9439017	10.52004607	6.582843906	46.83199921	24.1932331	34.16010028	27.58830662	18.41975745	32.99318464	12.6104928	11.1919282	9.295506729	6.508609014
82.68616359	98.12553663	98.35731361	105.9515007	100.9973276	68.06495646	11.93424632	5.578508318	5.020709939	5.782138773	4.669838608	4.791803311	4.699126319	4.709631911	4.923034557	5.376573863	5.394221873	5.388062835
65.10697988	97.42929467	103.1746895	92.21642538	105.7873194	102.678904	95.65485901	102.1715789	51.80880278	108.3060607	107.4387791	107.6402186	108.5563574	108.986219	105.4183131	105.5307266	105.4511726	106.0212034
6.285342706	5.78125996	5.088396177	11.47567259	6.308116194	5.306480101	5.637339466	6.042465538	20.8880292	99.71977606	107.7425134	108.2249803	108.7661629	109.956218	111.9928487	112.7400633	113.5164318	110.3177391
5.897308248	5.501305147	5.223592423	10.24758723	5.098140284	5.753481289	10.49958344	9.9355022	30.58796917	33.39630725	18.08598932	16.83186995	23.65098823	18.6017164	16.7118558	7.622747027	4.482014537	4.36079695
7.069748068	6.541719367	6.534513868	12.17186928	51.82638806	52.08821383	107.6441501	107.9654354	109.0099253	109.308823	110.5288146	111.8694246	98.39507368	109.0332581	110.3500644	110.9246282	110.2327388	108.3336623
6.318871699	65.94586675	105.3540195	99.6697359	107.8027043	107.5521196	107.6084703	107.8017123	108.0081018	108.0398227	108.4209505	105.9866537	104.5410864	106.0294671	105.5592476	106.6224341	106.466648	106.1689613
5.923882437	71.08073932	106.6111938	104.0778358	108.1649153	109.2316959	110.3690031	111.8293406	113.3568285	113.6078188	110.4695116	107.3514667	107.3028646	106.8868567	106.3805569	106.3346012	105.2806527	105.1010438
5.923882437	71.08073932	106.4670834	106.4322472	106.5394856	106.814085	107.1327998	108.2072056	108.1495311	109.6189253	112.5996182	112.4263395	114.0933228	111.9904308	105.4898084	105.4480152	101.3812658	106.1752896
5.457982892	5.230906472	5.766591174	4.887781022	4.855869038	5.28830335	7.022201635	38.31264771	38.31267528	49.43506087	90.22908611	108.3974394	109.01228	109.1064606	109.825375	109.7465266	109.8626035	109.0575835
5.419817067	5.072980139	4.683797267	4.671580546	4.61599423	4.717532633	4.722039132	4.651148947	4.832888129	6.432257713	17.63159097	55.40320951	90.00439798	99.27973021	107.2829268	108.4101235	108.6115129	109.1767725
5.185538247	8.310970434	24.64355828	89.42575055	90.37350949	108.1310654	108.3876769	108.4504973	108.3211704	108.0928518	107.7825193	106.6286598	106.4350943	106.3457509	106.4338352	104.9234703	106.4835538	106.3430168
5.264738962	5.546087292	65.0184957	88.51905599	101.2382707	106.9095734	109.2190915	109.6527999	111.0544668	111.5274574	112.2086632	110.7230068	107.3195767	107.3195767	106.6	106.6	106.6	106.6
5.264738962	5.546087292	21.21916454	39.86428387	89.16041809	85.5895847	106.1193024	108.0750338	109.549862	110.1717531	111.6876558	111.8492629	112.4021481	110.2109422	108.1068493	106.6	106.6	106.6
4.838394857	4.921097436	6.373216066	6.432234414	17.63143427	55.31896109	90.00689847	99.12177517	104.5301764	107.7166898	108.0704083	108.876642	108.0637904	107.7036789	106.6	106.3430168	106.298324	104.7283342
4.661393515	4.692735637	5.018766124	5.422260977	5.630281523	5.735931934	5.766123763	5.908793743	17.56410451	10.24981317	5.304730326	10.50201806	20.19602096	50.86232398	18.0887684	16.8346969	9.488870813	11.92221991
4.482412813	4.532280886	4.819593882	5.202571317	5.468424979	5.934625952	5.744008461	7.07227323	5.848784715	6.61881017	6.045082108	53.82193502	95.74555164	107.4970185	108.0449031	108.5746199	109.5405682	110.4827063
4.482412813	4.716689787	4.860209424	4.887781022	5.908972003	53.58727372	106.4681964	103.4239389	107.0348201	75.26031231	74.28636378	63.1354361	51.79956875	108.3601761	108.5085158	108.9398774	109.0202011	108.9864164
4.628431671	4.716689787	4.860209424	4.887781022	5.908972003	53.58727372	106.5750793	104.0676488	108.0290764	108.9926811	110.095235	110.8875547	112.6616083	113.6079697	110.7393294	106.4636788	107.230137	107.3378641
4.628431671	4.68780395	4.852661925	5.128262151	5.565004715	57.89158745	107.2877691	107.921482	108.8913933	109.7650355	110.6262058	113.1702951	107.7967202	107.145485	106.161012	105.7157977	105.992436	101.4023454
5.049765136	8.310970434	24.70642001	49.47114487	102.8362269	102.9838349	108.2064546	109.068896	109.3631242	110.4962076	110.7703248	110.410585	106.6	106.6	107.1079365	107.2984127	107.2984127	106.6
4.561979694	4.759833589	5.735618383	4.593719695	4.620579883	4.398868666	4.435643331	4.507356041	4.681522494	4.488074415	4.62022926	4.798461492	5.176377445	4.755364943	5.075879442	4.781178952	4.658341794	5.025929511
4.705254619	58.15258847	87.90486866	107.4590983	107.7248008	101.5164213	41.08291367	6.173968391	4.374020568	3.914706217	3.703402295	4.032385129	5.647535866	10.72953619	95.02228959	94.88677842	107.5436948	108.5924542
4.195553779	4.811902193	4.95126759	5.326669567	5.908191368	6.055103227	5.722437472	5.565236558	5.475077534	5.55830745	5.382162221	5.495203388	6.972160646	6.336586251	5.339179012	5.339179012	5.039032079	4.766795643
4.994087621	15.71726764	86.01009326	107.6821498	107.716414	107.9981751	108.0464795	109.1179437	109.9877914	110.3215958	112.1562056	112.5831933	109.9123209	109.9123209	106.6	106.6	106.6	106.6
62.06482337	82.93860047	97.22392881	107.9245368	107.5985128	100.7923315	48.41136395	4.996146349	4.23105497	7.729959704	13.7062207	4.772924376	4.676171155	4.52507376	4.422866877	4.629374683	4.539457782	4.554620377
12.41065058	80.16551664	71.95836656	105.0254687	107.1770536	107.6944587	108.1334548	107.8063773	106.812766	106.669869	106.5396985	106.8713568	106.6	106.6	106.6	106.6	106.6	106.6
4.305793443	9.407716682	32.54910625	87.86072405	105.8374052	108.130507	109.4322274	110.3147111	110.9959371	111.4347669	109.9295129	106.6	106.6	106.6	106.6	106.6	106.6	106.6
3.937289704	4.588474786	4.403407556	7.854930858	10.73724418	26.55406335	81.25943644	107.6662938	108.2451776	108.7958245	110.3007804	110.3007804	111.8523856	112.451636	113.5430797	112.6328407	107.9266332	106.6
3.494019887	3.554279809	3.713380645	4.253146243	4.59880287	4.979104636	6.989217028	6.989810027	11.09335923	7.247146588	9.52857559	10.06785201	31.82524073	64.69828104	39.01218108	65.04301786	38.15765525	4.981005934
58.55091942	99.68092316	106.8790745	107.3681468	108.1596096	107.7316565	105.7287192	109.5825676	110.1732531	111.2833483	112.389206	110.9655536	108.7003861	106.9687151	106.6	106.6	106.6	106.6
4.495940454	4.38786042	4.398868666	4.435643331	4.420087803	4.461046275	4.488074415	4.499823443	4.551688956	4.654975873	4.654975873	4.614137558	4.626997346	4.658341794	4.785020752	4.698981539	4.747430428	4.896620848
5.321084605	5.40467304	92.80019466	107.2555407	108.042903	108.165027	107.9409752	82.96750952	12.89952187	4.329590196	3.680529505	3.798574797	3.805186246	4.363428079	5.512024689	42.58913102	42.58913102	101.1000216
4.360947288	4.228765275	4.212777069	4.195553779	4.313227029	4.95126759	5.326669567	5.908191368	5.1592527	5.722437472	5.565236558	5.475077534	5.283112715	5.382162221	5.495203388	5.495203388	6.972160646	6.336586251
35.41872931	23.7602891	105.0601567	106.8960778	105.5913095	108.460659	108.6316144	109.2854594	109.9340025	110.247078	112.0926231	112.559356	110.6125392	110.6125392	106.6	106.6	106.6	106.6
5.269980699	5.266905293	5.318107201	5.503890606	5.219274196	5.320114197	5.423110198	5.063755081	4.989081444	4.912354444	4.912354444	4.711143921	4.835856713	5.110569443	5.533550948	5.611266666	5.696081954	5.824623037
5.689390626	5.907978275	54.97251342	96.64782315	107.9185177	108.7586061	109.6350549	110.1615793	112.9535928	113.2673269	110.0346112	110.6075428	108.6621716	106.3816286	106.2112447	105.2154655	106.6100503	106.7306533
5.5337661	8.565059649	92.91181638	96.5039823	107.382034	108.0461849	108.8924231	109.7619894	111.0568934	112.5122192	112.9353834	111.080167	107.0916201	106.6	106.6	106.6	106.6	106.6
5.449823743	5.520188293	5.259501717	5.227428391	5.200037509	4.900607671	4.879946806	4.94374037	4.889917246	4.877067853	4.736228595	4.601623278	4.668105391	4.655712089	4.716138037	4.698981539	4.785020752	4.995782167
5.701321783	20.13115363	60.79436765	105.5423715	107.5450052	107.8808369	108.2878203	109.4514353	110.1394982	112.2017796	113.0952971	112.6608365	109.7456311	107.5186603	106.6	106.6	106.6	106.6
13.62776971	27.19993462	7.695882367	38.00401744	94.85078024	81.39430716	94.83342893	106.057882	108.1652062	108.998999	109.8644646	110.7449724	110.1982287	111.7695588	110.1231395	108.8273942	104.6798115	104.4528966
6.704728793	27.19993462	5.945561546	6.236677263	11.06362397	32.53068677	89.12170216	89.10127376	99.74267083	106.1402057	109.0719604	108.9131704	109.6901637	109.8862471	109.1969864	107.8958803	34.81667151	34.64261493
5.329495536	5.583904366	5.696081954	5.696081954	5.824623037	5.814373569	5.924003463	5.925415987	5.961643718	5.927417731	5.914007875	5.914007875	5.783809608	5.748301068	5.808709528	5.801290115	5.855170216	5.869241981
5.970145849	6.144549817	17.78223792	5.770553746	6.035872448	5.884131013	6.485628247	6.716659144	6.219499158	6.108799819	14.04835217	22.97316636	10.67958096	19.46373216	5.110895645	4.870786587	4.172673523	3.441017169
41.53317127	89.85136351	97.5231905	108.9008862	109.8330255	109.8953587	110.8074943	111.2751284	110.4038952	110.0843629	112.2089823	113.7762889	113.9380206	113.9380206	111.61002	107.9150685	106.8681564	106.6
44.33525691	98.15883299	103.1933824	108.5393516	109.6063945	110.5140764	111.7743077	111.9029254	109.9410405	106.8475312	106.6528678	106.6967774	105.6030021	106.2542046	106.5022766	106.5626259	105.1448882	106.4624339
44.33525691	85.6056774	106.1316398	108.2731626	108.0955246	108.8691892	109.7282209	110.0341196	110.6051659	110.0998495	110.6239495	112.0388539	109.9406325	112.4172854	113.3911292	111.5984825	112.8509335	109.3023411
4.748933054	4.905075301	5.067809198	5.130086216	5.150134817	5.058846616	5.019937884	5.019682803	5.129898715	5.269980699	5.365315641	5.631111523	5.641814998	5.848424113	5.65569947	5.715324388	5.433558296	5.005457869
5.11107984	5.742617027	11.04818143	77.03117358	98.40563232	107.5598357	104.1225406	10.87048734	6.106427416	5.707781546	5.707781546	5.681331914	5.492739452	5.302400061	5.278629273	5.198523073	5.121782373	5.113336759
6.110749399	6.31077979	6.449939624	6.758127424	6.794084844	6.47528301	5.989013419	5.681331914	5.565614352	5.30498326	5.351504173	5.198523073	5.121782373	5.131887231	5.696388319	5.757705061	6.031844533	6.334596907
5.925415987	5.90254776	5.927417731	5.927417731	5.914007875	5.860371668	5.748301068	5.716112874	5.801290115	5.855170216	5.869241981	5.869241981	5.825759931	5.740076141	5.708345165	5.654879542	5.71759461	5.966986173
5.842106351	5.891288632	5.944638968	5.971932242	6.073029486	6.073048348	5.948946074	5.983918235	5.72963513	5.036764204	4.768386288	4.084599772	4.011170863	4.553430992	4.72748757	5.863784572	72.23620026	97.64643306
5.696081954	5.620903017	5.538971395	5.357199587	5.11107984	4.711143921	4.748933054	4.89543895	5.038225381	5.091528777	5.068503245	5.048914444	5.017437388	5.017157642	5.081114691	5.276250786	5.444037278	5.432870813
5.166743149	5.149207446	5.258156291	5.245941322	5.603523456	6.031844533	6.143548306	6.143548306	6.299187861	6.291966361	6.06775219	5.675754506	5.632174082	5.379934389	5.65293568	5.75031376	6.276389322	6.198009337
6.22666393	58.6431426	85.14031848	101.0945666	76.82036233	96.43388659	74.12206954	7.797775003	6.117292838	5.927129957	5.858354902	5.803942958	5.880231548	5.871976076	5.870554349	5.742903095	5.733506914	5.636487899
5.484966319	5.746303733	6.116405766	6.594539023	6.861559925	6.758683908	6.455403798	6.354238316	6.093432546	5.925415987	5.898737915	5.898737915	6.86203529	15.69063079	41.08606931	21.62001093	6.048572629	5.981393073
5.515871095	5.6922489	5.930207731	19.52206269	105.9237872	107.5598357	98.40628155	36.05515393	7.831983321	6.053259293	5.160725214	4.990582436	4.751625072	4.991815539	5.066534155	5.425937152	5.322991934	5.699026701
5.507313898	5.868938675	6.569131638	46.51191122	104.3222442	107.8458436	108.0287896	108.0595055	65.13416628	43.38571003	6.131831117	5.161750026	5.137811422	4.556170036	4.556536983	4.652703103	4.817184414	5.165303914
5.507313898	5.868938675	6.569131638	90.72844771	99.75417036	95.69601905	87.23297235	41.70176789	66.64490161	43.83395659	8.501486004	6.013990275	5.778828571	5.897761482	5.698186858	5.641547107	5.467196329	5.678132362
5.103103362	35.38979204	63.33680006	26.86520144	104.5436534	61.8600709	76.85148516	71.95367136	19.31095565	6.588831609	7.738785494	5.651744929	4.992614684	4.658291153	4.610784273	5.167539521	43.29026249	93.43184487
5.284920728	5.730284121	5.98637101	6.122819216	5.96766582	5.776136553	5.491956708	5.244043567	5.118766026	5.000797486	5.135300429	5.421698516	5.747486806	6.008969083	6.043638347	6.041687423	6.021240258	5.826670508
5.240109194	7.029330891	15.59125282	80.49885656	66.94281727	41.38151594	7.36253417	6.835251579	6.031844533	5.350678105	5.677803489	5.225973406	5.26075286	11.17178748	43.0040591	39.87448247	6.332983128	6.942122378
4.422492731	4.554404834	4.553435941	4.553757909	4.649876149	4.839545815	5.043175111	5.183602042	5.377517616	5.526393789	5.613377759	5.443115888	5.242732015	4.99154062	4.864979614	4.520795808	4.396044442	4.339461896
7.454914632	18.33817124	64.84711853	104.5895091	107.0845649	109.4256112	110.4247383	110.352529	111.6614245	112.3742272	110.1516224	107.2031746	106.6	106.6	106.6	106.6	106.6	106.6
5.242732015	5.406061203	5.453094238	5.52637049	5.496574893	5.186080774	5.045675607	4.816831839	4.652428878	4.556341108	4.62631084	4.517098055	4.422492731	4.578107992	4.771868511	4.964130287	5.399684611	5.866577963
23.83864995	102.9454418	107.1792219	108.9419408	108.9419408	110.7713231	112.7930382	113.2489755	111.9380863	108.2005262	108.0399628	107.690768	103.6720259	97.46521821	63.40059648	6.447912865	6.274571035	5.588103823
6.254917135	35.40415291	100.3927596	104.2679475	108.0607009	108.2919016	108.3595961	108.2891925	109.632967	110.39261	113.9655031	112.1136806	109.3765961	108.0214486	81.39910684	8.892458784	6.338629728	5.693464197
5.384362409	22.92438219	23.83536194	99.12765394	107.508019	107.9431092	108.2643007	108.9592635	110.7881735	112.6080025	111.3360308	110.7114206	107.0916201	106.6	106.6	106.6	106.6	106.6
4.639218348	4.405680792	4.344882343	4.38563311	4.359125084	4.20281049	4.073036323	4.022039146	5.266689881	4.764179417	45.3716305	106.3052534	106.6680968	107.2629764	107.5663053	108.0845686	108.7484814	107.2210046
4.864979614	10.89900041	42.36920751	102.3319891	107.7484887	108.4166843	110.136047	110.136047	110.9442738	112.6308648	113.2186098	112.5527121	107.0916201	106.6	106.6	106.6	106.7340782	106.6111732
4.38563311	4.349098246	4.398475293	4.523239718	4.74610357	4.994019352	5.245232511	5.44564105	5.589286883	5.494115023	5.426205521	14.16464149	19.22425347	4.760086998	4.787870066	4.787870066	4.882981492	4.554404834
4.597578712	38.84429889	11.05048645	77.09063901	38.1965461	23.84540747	35.37672204	97.7636756	107.9575824	109.2476237	110.122977	111.7694776	110.1982287	111.3821895	110.9183689	109.5239799	108.6388329	107.9028107
4.402645242	97.40012482	103.0253045	107.2573161	108.4414758	109.4060216	110.6167833	112.244452	113.1782469	108.669869	106.6	106.6	106.6	106.6	106.6	107.5312169	107.5186603	111.612987
3.97559426	29.68712159	102.2281105	107.000932	106.9912957	109.1485156	111.3888747	111.3888747	113.3638833	113.6740935	109.5201793	106.4015355	106.4448007	106.4525056	104.8638454	106.298324	106.3430168	106.4324022
4.022039146	4.54798645	4.764179417	45.29152834	105.6368731	106.6680968	107.2629764	107.5663053	108.0845686	108.7484814	107.2210046	106.9828855	106.5478975	106.0547889	105.7443316	105.6987174	105.8334173	105.8054795
40.36049315	33.10213814	100.3935565	107.7686524	108.4595127	108.8947355	109.4830255	110.6211019	110.6430338	108.7661716	106.3009406	104.8150614	106.3094972	106.3430168	106.4324022	106.5106145	106.6111732	106.7899441
81.46666693	102.0539721	107.4953161	108.3649869	109.7449436	111.0670502	112.1309024	113.0566051	111.6633947	107.9266332	106.6	106.6	106.6	106.6	106.7899441	106.6670391	106.5664804	106.4882682
4.785449378	7.100754303	41.42026495	98.70987177	103.8853971	107.7045062	108.0044309	108.1106551	108.268458	107.4517745	107.3958478	107.1079365	106.6	106.6	106.6	106.6	106.6	106.6
4.719846321	5.013357916	43.29026249	93.45352666	104.4882639	108.7202741	109.5661952	110.228242	112.0376722	112.8297669	113.0524525	109.0176707	106.6	106.6	106.6	106.6	106.8681564	106.8458101
4.729759505	4.92820737	5.499060366	6.104751452	6.320995999	6.346384478	6.171396938	5.680657524	5.783391612	5.314683317	5.363236409	5.728483317	6.00046041	6.044421518	5.943571218	5.827591435	5.788888137	5.573493181
4.655557059	4.77209289	4.945235623	5.585233942	6.11489647	6.379841385	6.355070555	6.186849844	5.235039182	5.008083087	5.003414056	5.180554746	5.499354923	5.678488601	6.427477538	6.487102456	6.261659752	5.681254635
5.336009853	5.673402461	70.31983746	104.756096	105.02598	106.4483768	61.86041871	17.95808083	6.747892773	6.217588007	5.807744751	5.195790394	4.655572516	4.390294124	4.549084982	4.557231789	4.556635646	4.763018419
4.920644643	5.115454356	6.678663443	40.26601649	91.05349495	106.7462599	107.2539843	107.8776133	108.1417967	108.2026886	107.8727273	107.0916201	106.6	106.6	106.6	106.6	106.6	106.6
4.951168351	7.258676489	7.230132652	101.7073042	102.5392527	107.8220952	109.1854417	107.0367512	111.8620612	112.594197	112.1672122	110.0640307	106.2807313	103.3858299	103.3858299	106.9444976	106.1132275	106.2825397
4.659903283	61.42634661	77.46081536	100.0130073	107.1483546	107.9166181	109.2562268	109.3075124	108.8324162	89.13480726	40.8476196	8.706556857	5.376878512	5.522338024	5.766181494	5.655625737	5.77205082	5.869770859
4.930138493	5.340560345	5.726981727	5.88294089	5.615010403	5.037535769	4.773513745	4.804229611	5.416706848	5.534632395	5.795753117	6.083077831	6.193464199	10.23880815	6.432259349	6.328055791	6.261241964	5.744236249
61.91588228	93.95900083	82.25913331	69.58057649	45.19276698	5.547157924	4.728794323	4.641374756	4.947371744	5.242484673	5.416467148	7.788806482	5.964636297	6.319045839	8.538145083	6.527683609	5.941545952	5.661297576
5.512100348	5.795958233	6.098988048	5.970245164	5.716971026	5.284945721	5.12764402	5.0427475	4.805642457	4.706386084	4.89700026	5.187794858	5.185165786	5.017719686	4.65243886	4.550225227	4.495798337	4.544492637
5.220930965	9.029825088	95.77500626	100.8926427	107.5722411	108.8283522	109.3499436	110.4914393	109.4259297	112.4604815	112.4604815	110.3687576	109.5909168	108.781345	107.2350222	101.8070583	38.50011976	5.463854366
4.628664025	4.783468309	4.979373334	5.393911456	5.406524344	5.899685976	6.246467892	6.667330994	6.524050776	6.627727306	6.333605234	5.984092724	6.130234304	5.965947724	5.816897414	5.966986173	5.966986173	6.097372509
5.722878217	5.965032539	5.965032539	6.122656928	9.726274761	8.525080619	6.591743488	6.559282519	6.327823621	8.954377415	5.535818099	5.791544711	5.568864342	5.716393482	5.706084386	5.212045526	4.975940995	4.551557119
5.413850578	7.795789989	6.063670192	6.257581194	6.335670924	6.288268134	6.102627909	5.74676141	5.462607545	5.192133018	4.651637969	4.458544332	4.484608665	5.052562242	11.99243319	11.85692201	87.14184512	106.3890037
8.442115993	39.678832	94.90071038	107.906213	108.0740278	108.015186	93.93865568	6.986813001	6.73766227	6.669037471	6.601808329	6.648739051	6.181653178	6.229712075	11.52382856	5.977621897	5.39364408	5.595004081
4.993948211	6.893927317	27.54555993	102.7266468	103.4945922	107.9551529	106.3765499	108.056081	107.4865189	95.46546769	55.31610532	60.510617	6.20153512	11.86339347	5.142101606	5.198782129	5.185909305	5.270190775
4.677982407	4.745420802	4.874890134	38.00965301	45.19276698	69.58113297	93.93156996	62.32280915	5.987952999	6.093162445	6.235290931	5.728037094	5.561147899	5.128289364	4.805868801	4.405361189	4.605310036	5.455193043
4.551989507	4.756225191	5.28392615	5.879989888	5.721955515	5.31197033	4.932638989	4.765328825	4.662456013	4.631247224	4.776448528	4.979595326	5.394159565	5.84874697	6.197683868	6.486285038	6.649323331	6.555151524
5.367922824	74.76466186	107.5260005	108.3201822	108.5806394	108.3480853	96.61915458	34.3767256	6.088590768	5.114476684	5.154599782	5.265903766	5.311438291	5.043761109	5.016509089	5.416522705	5.621726929	5.858011057
6.518025472	41.09231786	104.726791	107.5001423	107.3494625	95.29216731	46.23798932	8.710796565	5.791212979	5.35732386	5.237281329	5.348995636	6.064769709	6.152090686	6.790289801	6.981650445	7.10157767	6.672604664
5.514933367	5.540054905	32.14866385	99.6010712	99.48554381	104.782182	109.4293146	110.0765481	109.4636186	107.2523106	107.011547	99.48001231	27.53558158	4.706898615	4.993948211	4.944819015	5.063938959	5.413850578
4.987409683	4.764942009	4.547398273	4.4929206	4.700942487	4.708529648	4.762474951	4.921636404	4.753285062	4.663143185	4.663143185	4.651925258	4.531297132	4.430113981	4.397946575	4.242797317	4.263147934	4.574718362
63.22382423	92.84361069	106.944655	107.5226889	107.2578893	108.1239349	109.0554043	109.8443842	111.2955574	112.8332205	112.3650113	108.9232863	106.6634921	105.1318729	106.5525278	106.2209174	106.3619963	106.1577889
25.64975704	94.07558071	97.13491932	107.4524398	109.0851428	109.6360595	110.7931541	111.4826199	113.3687737	111.1770171	107.5312169	106.6	107.1417182	107.1536755	106.9444876	106.5023244	106.371722	106.3014239
61.80225118	94.07558071	97.13491932	107.4524398	107.8499695	109.6360595	110.2742117	112.2692663	113.1269344	113.9363554	113.7928397	106.6	106.6	106.6	106.6	106.7005587	106.7005587	106.5664804
61.80225118	83.95704439	102.4960797	81.08402743	106.325434	106.199923	107.13123	106.7831088	109.2846039	110.9292924	111.9999587	112.7940881	110.5530917	108.9629344	112.7001065	113.6506307	112.6871359	111.715835
4.739619429	4.640954486	4.538992338	4.499078203	4.813531814	5.050965854	5.562438438	5.717036317	5.951116105	6.159215238	5.795958233	6.112496209	5.267807744	4.970285512	5.220930965	4.950403656	5.30209752	5.582444016
4.38842717	47.21491769	89.37245087	89.39413266	105.5189687	108.3793364	109.0528513	109.0013944	109.8642399	110.7147132	109.8551985	107.0338624	106.6	106.6	106.6	106.6	106.6	106.7798942
4.38842717	40.98414594	40.9556021	105.7404574	99.998048	93.25537229	106.7975806	107.6297446	108.5876921	108.9242133	110.5404816	111.2256529	113.2466381	113.2466381	113.3616099	110.1258359	106.6111732	106.477095
4.065269851	4.891715836	4.109544416	19.10315567	26.21482801	5.586197943	42.91707548	22.006285	5.516857035	5.081188498	5.817691125	4.854506292	4.407061991	4.610723855	4.935234799	5.338864509	6.050922569	5.9007996
3.857424811	3.882034665	4.106836009	4.45027503	4.933840946	5.296597228	5.548576579	5.570637163	5.323461697	5.136300351	4.857081116	5.143161351	5.27568666	5.251820796	5.878483013	6.551346587	6.740513785	6.709321816
4.09548055	3.882034665	4.079683044	4.460397488	4.931318544	5.296597228	5.548576579	5.685044937	5.323461697	5.077821047	4.723210392	4.507806613	4.407061991	4.610723855	4.935234799	5.338864509	6.050922569	5.9007996
16.80897958	102.8382106	105.7333862	109.1877727	110.1453542	110.1453542	109.1964127	107.3118412	106.4757913	51.53608085	6.218869619	4.875788927	4.953129439	4.748310414	4.651988054	4.756112016	4.799335235	4.765406372
4.67516811	4.722009751	4.878603088	5.39608799	5.825900161	5.84512208	6.160450807	6.217506561	6.615977859	6.659418949	6.70097571	6.25498835	6.168261197	5.974950702	5.845566196	5.499223053	5.888318116	6.046658673
6.929258495	107.0339443	107.9066137	108.5942556	108.4667901	61.99305493	6.580327806	6.534068944	4.867520253	5.124527676	5.444865809	5.762420158	5.852821931	5.981096325	6.035349109	6.01578802	6.064960167	6.282229915
5.466227137	11.8954442	78.28243949	106.488171	106.421008	106.8202605	105.8857277	108.1685031	107.9993326	106.5047619	106.477095	106.5776536	106.7005587	106.6	106.6	106.6	106.6	106.6
4.769214481	24.00601711	7.024214358	6.178448228	6.640209113	6.609935275	6.657177526	6.190446655	6.141778444	5.82602349	5.837779197	5.072505565	4.824194899	4.615894953	4.080813046	3.992160496	4.080129929	5.12651717
4.756332677	5.189549819	5.460054816	5.765918037	6.290923981	6.484060373	6.454484011	6.334556314	6.152768588	5.967615738	5.725494787	5.450558085	5.469706775	4.744002422	18.35474624	18.54988233	5.774010184	6.041488542
