      1.64      1.64      1.11      1.11      1.09      1.75      2.89     13.27     30.73    104.04    162.56    225.00    225.00    289.00    289.00   1016.02    802.78    802.78   1327.04
      1.64      1.64      1.06      1.08      1.13      1.75      2.89     77.32    331.76    650.25   1016.02   1016.02   1016.02   1327.04   1327.04   1806.25   2601.00   2601.00   2601.00
      1.64      1.06      1.06      1.08      1.13      5.09     40.64     77.32    650.25   1327.04   1327.04   1327.04   1327.04   1327.04   1806.25   1806.25   1806.25   1806.25   2601.00
      1.64      1.06      1.06      2.20      2.93      5.09     77.32    180.12    650.25   1327.04   1327.04   1806.25   2601.00   2601.00   2601.00   2601.00   1806.25   2601.00   1806.25
      1.64      1.06      1.06      2.20      2.20     24.05     77.32   1016.02   1016.02   1806.25   1806.25   1806.25   1806.25   1806.25   1806.25   1806.25   1806.25   2601.00   1806.25
      1.00      1.06      1.06      1.06     12.90     24.05    200.69   1016.02   1327.04   1806.25   1806.25   1806.25   1806.25   1806.25   1806.25   2601.00   4064.06   2601.00   1806.25
      1.00      1.06      1.06      5.57     12.90    122.92    122.92   1016.02   1806.25   1806.25   1806.25   2601.00   1806.25   2601.00   4064.06   4064.06   2601.00   2601.00   2601.00
      1.00      1.00      1.06      5.57    122.92    122.92    200.69   1327.04   1327.04   1806.25   2601.00   2601.00   2601.00   2601.00   4064.06   4064.06   4064.06   2601.00   2601.00
      1.00      1.00      1.06      5.57     63.50    200.69    200.69   1327.04   1806.25   2601.00   2601.00   2601.00   2601.00   2601.00   4064.06   4064.06   4064.06   4064.06   1806.25
      1.00      1.00      1.06      1.80     63.50    200.69    802.78   1327.04   1806.25   2601.00   4064.06   4064.06   4064.06   2601.00   2601.00   4064.06   4064.06   4064.06   2601.00
      0.99      1.00      1.59     36.86     36.86    200.69    451.56   1327.04   1327.04   4064.06   4064.06   4064.06   4064.06   4064.06   2601.00   4064.06   4064.06   4064.06   4064.06
      0.99      1.00      1.59     36.86    147.45    289.00    451.56   1327.04   1327.04   4064.06   2601.00   4064.06   4064.06   2601.00   2601.00   1806.25   4064.06   4064.06   4064.06
      0.99      1.00      1.59      5.28     77.32    289.00   1016.02   1327.04   1806.25   2601.00   4064.06   4064.06   4064.06   2601.00   2601.00   2601.00   2601.00   2601.00   2601.00
      0.99      0.99      1.59      5.28     77.32    200.69    537.40   1327.04   2601.00   4064.06   4064.06   4064.06   2601.00   2601.00   1806.25   1806.25   2601.00   2601.00   1327.04
      0.99      0.99      1.59      3.05     21.50    200.69    537.40   1327.04   1806.25   2601.00   4064.06   2601.00   1806.25   1016.02   1016.02   1806.25   1806.25    802.78    331.76
      0.99      0.99      1.59      3.05     21.50     96.19    451.56   1806.25   1806.25   2601.00   2601.00   1806.25   1016.02    802.78    537.40    384.76     42.75     38.68     35.17
      0.99      0.99      1.59      3.05     21.50     56.25    289.00   1806.25   1806.25   1806.25   1806.25   1327.04    537.40    225.00     36.86     25.00     38.68     50.17    384.76
      0.99      0.99      1.07      1.82      5.57     56.25    289.00    802.78   1806.25   1806.25   1806.25    537.40     27.08      8.79     14.06     20.74    147.45   1327.04   1806.25
      0.99      0.99      1.07      1.82      5.57      8.03     89.20    802.78   1016.02   1327.04   1016.02   1016.02     38.68      8.21      8.21     18.06    384.76   1016.02   2601.00
      0.99      0.99      1.07      1.42      1.90      8.03      4.67     18.68    289.00    384.76    650.25    180.12     27.08      8.21     13.66    225.00   1016.02   1327.04   4064.06
      0.99      0.99      1.07      1.42      1.42      1.82      4.67      8.79    134.35    180.12    384.76    112.89    112.89      8.21      8.21     56.25    451.56    802.78   1806.25
      1.04      0.99      1.07      1.07      1.68      1.82      2.57      8.79      4.67     11.87     89.20     77.32     77.32     10.42     10.42     12.20     56.25    384.76   1806.25
      1.04      0.99      1.07      1.42      1.68      1.82      1.82      2.36      3.73     11.87     21.50      9.22     47.50     45.03     12.20     12.20     12.20     50.17    289.00
      1.04      1.04      1.07      1.42      1.82      1.82      2.25      2.71      2.71      2.71      2.74      2.74      3.73      9.00     12.20     12.20      9.91     20.01     20.01
      1.04      1.37      1.07      1.42      2.36      2.36      2.36      2.36      2.67      2.03      1.90      1.90      1.88      1.90      3.14      3.14      5.09      5.00      5.79
      1.04      1.37      1.07      1.53      2.36      3.14      3.62      4.16      2.71      2.03      1.96      1.88      1.71      1.46      1.46      1.45      1.17      1.38      1.38
      1.37      1.37      2.60      3.01      3.01      3.14      4.59      4.16      3.46      2.03      2.15      2.03      2.03      1.53      1.37      1.23      1.50      2.30      1.86
      1.37      1.37      2.60      3.01      3.41      5.00      4.59      4.83      4.83      2.67      2.71      2.30      3.97     13.27      5.57     13.66      6.25      6.25      6.25
      1.37      1.37      2.60      3.41      5.00      5.00      8.21     10.97      3.97      3.97     23.15     23.15     23.15    147.45    802.78    254.00    537.40    537.40    112.89
      1.37      1.76      2.60      3.41      5.00     13.66     27.08     10.97     12.20     23.15    289.00   1016.02   1016.02   1016.02   1016.02   1016.02   1806.25   1016.02   1016.02
      1.37      1.76      3.05      8.59     35.17     13.66     27.08     63.50     96.19    331.76   1016.02   1016.02   1016.02   1016.02   2601.00   4064.06   7225.00   4064.06   2601.00
      1.37      1.76      3.05      8.59     35.17    104.04    104.04    112.89    331.76   1806.25   1806.25   1016.02   1016.02   1806.25   2601.00   4064.06   7225.00   4064.06   2601.00
      1.37      1.76      3.05      8.59     35.17    331.76    331.76    802.78   1016.02   1806.25   1806.25   1327.04   1327.04   2601.00   2601.00   2601.00   4064.06   4064.06   4064.06
      1.37      1.76      8.59     35.17    122.92    331.76    331.76    802.78   1327.04   1327.04   1327.04   1327.04   4064.06   4064.06   4064.06   4064.06   4064.06   4064.06   4064.06
      1.37      3.05      8.59     35.17    122.92    331.76    802.78    802.78   1327.04   1327.04   1806.25   1806.25   4064.06   7225.00   7225.00   7225.00   7225.00   4064.06   2601.00
      1.37      3.05      8.59    122.92    331.76    331.76   1016.02    802.78    802.78   1327.04   1806.25   4064.06   4064.06   4064.06   7225.00   7225.00   7225.00   2601.00   2601.00
      1.37      3.05      8.59    122.92    122.92    537.40   1016.02    650.25    802.78   1806.25   2601.00   4064.06   4064.06   2601.00   4064.06   7225.00   7225.00   2601.00   2601.00
      1.76      3.05      8.40     18.68    225.00    537.40    802.78    650.25    650.25    802.78   1806.25   2601.00   4064.06   4064.06   4064.06   7225.00   7225.00   1806.25   2601.00
      1.76      3.05      8.40     35.17    225.00    650.25    650.25    650.25    650.25    802.78   1806.25   2601.00   4064.06   4064.06   4064.06   4064.06   4064.06   2601.00   4064.06
      1.76      1.76      8.40     35.17    384.76    384.76    537.40    650.25    650.25    802.78   1806.25   1806.25   4064.06   7225.00   7225.00   7225.00   2601.00   7225.00   7225.00
      1.76      4.59      8.40     35.17     35.17    384.76    384.76    384.76    650.25    650.25   1327.04   1806.25   2601.00   2601.00   2601.00   2601.00   1806.25   1806.25   4064.06
      1.76      4.59      8.40     14.93     35.17     35.17    289.00     89.20    331.76    650.25    650.25   1327.04    451.56    537.40    537.40    802.78    537.40    650.25    650.25
      1.76      4.59      6.77     14.93     14.93     35.17     29.44     89.20     14.93     59.71      7.85     29.44     29.44    384.76     19.33     50.17      9.91      5.57      5.68
      1.76      4.59      6.77     14.93     13.27      5.00     29.44      5.00      3.97      6.13      5.09      4.23      5.90      5.90      5.90      6.77      5.57      5.57      9.44
      1.76      4.59      6.77      6.77      5.37      5.00      3.97      3.97      5.09      5.09      6.50      6.50      5.90      6.91     29.44     10.16     36.86    225.00     56.25
      1.76      3.37      6.77      6.77      5.37      5.00      5.00      3.97      5.09      8.40     89.20    122.92     29.44     96.19    289.00   1016.02   1806.25   1806.25   4064.06
      1.76      3.37      4.59      5.00      5.00      5.00      5.00      7.52     35.17    134.35    331.76    802.78   1016.02   1327.04   1806.25   1806.25   1806.25   1806.25   4064.06
      1.76      3.37      4.59      5.00      5.00      5.00     10.97     35.17    289.00    537.40   1327.04   1806.25   1806.25   2601.00   4064.06   4064.06   4064.06   4064.06   4064.06
      1.76      3.37      4.59      5.00      5.00     10.97     35.17    289.00    537.40   4064.06   4064.06   4064.06   2601.00   4064.06   4064.06   4064.06   4064.06   4064.06   4064.06
      1.76      3.37      3.52      3.73      5.00     10.97     35.17    384.76   4064.06   4064.06   4064.06   4064.06   4064.06   4064.06   4064.06   4064.06   4064.06   4064.06   4064.06
      1.76      2.60      3.52      3.73      5.00     24.05     96.19    384.76   4064.06   4064.06   4064.06   4064.06   7225.00   4064.06   7225.00   7225.00   7225.00   7225.00   4064.06
      1.76      2.60      3.52      3.73      5.28     24.05     25.00    104.04   1327.04   1327.04   2601.00   4064.06   7225.00   4064.06   7225.00   4064.06   7225.00   7225.00   2601.00
      1.76      2.60      3.52      3.73      3.73      5.28     25.00    200.69   1327.04   1327.04   2601.00   4064.06   4064.06   4064.06   4064.06   4064.06   7225.00   7225.00   4064.06
      1.90      2.60      2.15      3.52      4.44      5.28     36.86    200.69    451.56   1327.04   1327.04   1327.04   2601.00   2601.00   2601.00   2601.00   4064.06   4064.06   4064.06
      1.90      2.60      2.15      3.52      4.44      7.52      7.52    122.92    650.25   1327.04   1327.04   1016.02   1327.04   2601.00   2601.00   2601.00   2601.00   2601.00   2601.00
      1.90      1.90      2.15      3.52      4.44      4.44     18.06    200.69    200.69    650.25   1016.02   1016.02   1016.02   1016.02   1806.25   1806.25   1806.25   1806.25   1806.25
      1.90      1.90      2.15      3.52      3.18      4.44      4.44     23.15    225.00    225.00    384.76    451.56    451.56    451.56   1327.04   1327.04   1327.04   1327.04   1806.25
      1.90      1.90      2.15      2.03      3.18      3.05      5.37      5.37     23.15    225.00    162.56    289.00    162.56    384.76    384.76   1016.02    802.78    802.78    802.78
      1.64      1.90      1.64      2.03      2.03      3.05      2.17      5.37      3.05     12.90     11.56     47.50     47.50    162.56     67.66    162.56     47.50      9.00    122.92
      1.64      1.90      1.64      2.03      1.55      1.50      2.17      1.80      1.55      1.80      1.75      7.20      3.46      1.98      5.18      2.42      2.93      1.41      1.41
      1.64      1.90      1.64      1.14      1.13      1.50      1.34      1.31      1.31      1.31      1.25      1.25      1.25      1.22      1.21      1.23      1.08      1.02      1.01
      1.64      1.64      1.64      1.14      1.13      1.13      1.27      1.31      1.27      1.31      1.38      1.38      1.22      1.21      1.21      1.21      1.21      1.07      0.99
      1.64      1.64      1.11      1.11      1.09      1.13      1.27      1.34      1.61      2.03      2.08      3.52      6.01     10.97     12.90      3.01      2.78      2.03      2.03
      1.64      1.64      1.11      1.11      1.09      1.13      1.55      1.76      5.37     18.68     30.73     38.68     63.50     82.94     82.94     82.94    147.45    147.45    134.35
      2.87      3.84      4.08      6.25     12.76    156.25    400.00   1111.11   1111.11   1111.11    625.00    277.78    110.80     64.00     64.00    204.08   1111.11   1600.00   2500.00
      2.87      3.84     14.24     59.17     90.70    156.25    400.00   1600.00   1600.00   1111.11    625.00    236.69     75.61     75.61    100.00   1111.11   2500.00   4444.44   4444.44
      2.87      4.08     14.24     59.17     90.70    816.33   1600.00   1600.00   1600.00   1600.00    400.00    400.00     82.64     75.61     75.61   2500.00   4444.44   4444.44   4444.44
      2.87      4.08     14.24     90.70    816.33    816.33   1600.00   1600.00   1600.00   1600.00   1600.00    277.78     82.64     82.64    493.83   4444.44   4444.44   4444.44   2500.00
      2.87      4.08     14.24     90.70     90.70    816.33   1600.00   1600.00   2500.00   1600.00   1600.00    110.80    110.80    110.80    400.00   4444.44   4444.44   4444.44   2500.00
      3.84      4.08     11.89     59.17    625.00    816.33   1600.00   1600.00   1600.00   2500.00   2500.00    330.58    110.80    236.69    236.69   2500.00   4444.44   4444.44   4444.44
      3.84      4.08     11.89     75.61    625.00   1111.11   1111.11   1600.00   2500.00   2500.00    816.33    816.33    156.25    156.25    493.83    493.83   1600.00   2500.00   4444.44
      3.84      3.84     11.89     75.61    625.00    625.00   1111.11   1600.00   1600.00   2500.00    816.33    816.33    625.00    156.25    156.25    156.25    816.33    816.33    816.33
      3.84      4.08     11.89     75.61     44.44    277.78    277.78   1111.11   2500.00    816.33    816.33    816.33    816.33    100.00     82.64     82.64    277.78    330.58    816.33
      3.84      4.08     11.89     11.89     44.44     23.80    156.25     75.61    493.83    816.33    625.00    816.33    625.00    204.08    204.08     47.56     41.62     41.62     41.62
      3.08      4.08      3.63      3.63      3.63     23.80      8.65     75.61     64.00    277.78    177.78    277.78    277.78    277.78     54.87     36.73     27.70     19.75     14.79
      3.08      4.08      3.63      3.63      2.69      2.44      8.65      3.49      3.43     12.76      8.16     54.87     17.36     18.11     23.80     41.62     41.62    204.08    204.08
      3.08      4.08      3.63      3.63      2.69      2.44      2.04      2.04      3.43      3.77      5.28      5.28      5.95     14.79     23.80    236.69    493.83    816.33   1111.11
      3.08      4.08      3.63      3.63      2.69      2.44      2.04      2.04      3.37      3.43      3.77      5.81      9.77     69.44    330.58   1111.11   1111.11   1600.00   2500.00
      3.08      4.08      6.25      8.65      7.11      2.44      2.04      2.04      3.37      3.77      4.73      7.51     26.30    123.46    816.33   1600.00   2500.00   2500.00   2500.00
      3.08      4.08      6.25      8.65      7.11      7.11      3.77      3.77      3.92      4.73      6.10      7.51     18.11    138.41    816.33    816.33   1600.00   2500.00   2500.00
      3.08      4.08      6.25      8.65      7.11    123.46    123.46     16.66     10.75     10.75      7.51     10.75     14.24    138.41    493.83    493.83   1111.11   1600.00   2500.00
      3.08      4.08     39.06     64.00    123.46    123.46    123.46    277.78    177.78     44.44     22.68     13.22     10.75      6.75     44.44    330.58   1111.11   1111.11   1600.00
      3.08     14.79     39.06     64.00    123.46    625.00    400.00    277.78    625.00    277.78     44.44     44.44     44.44      5.95      5.95      6.75     59.17    177.78     69.44
      3.08     14.79     39.06    625.00    625.00    625.00   1111.11    625.00    816.33    816.33    816.33    816.33    277.78     10.75     10.75     10.08     13.72     17.36     17.36
      3.08     14.79     39.06    625.00    625.00   1111.11   1111.11   1600.00   1600.00    816.33    816.33    816.33    816.33    816.33    625.00    493.83     17.36      7.11      5.17
      5.05     14.79     75.61    625.00   1600.00   1111.11   1600.00   1600.00   1600.00    816.33    816.33    816.33    816.33    816.33    816.33    816.33    816.33    123.46     20.66
      5.05     14.79     75.61   1111.11   1600.00   1600.00   1600.00   1600.00   1600.00    816.33    816.33    816.33    816.33   1600.00   1111.11   1111.11    816.33    277.78     36.73
      5.05      5.05     75.61   1111.11   1600.00   1600.00   1600.00   1600.00   1600.00   1600.00   1600.00   1600.00   2500.00   2500.00   2500.00   2500.00   2500.00    625.00    625.00
      5.05     14.79     75.61   1111.11   1600.00   1600.00   1600.00   1600.00   1600.00   1600.00   1600.00   2500.00   2500.00   2500.00   2500.00   2500.00   2500.00   2500.00    625.00
      5.05     14.79     75.61    625.00   1600.00   1600.00   1600.00   1600.00   1600.00   1600.00   1600.00   1600.00   2500.00   2500.00   2500.00   2500.00   2500.00   2500.00   1111.11
      3.08     14.79     75.61   1111.11   1111.11   1600.00   1111.11   1600.00   1600.00   1600.00   1600.00   1600.00   1600.00   1600.00   1111.11   2500.00   2500.00   2500.00   1111.11
      3.08     14.79     75.61   1111.11    816.33    816.33   1111.11   1111.11   1111.11   1600.00   2500.00   1600.00   1600.00   1600.00   1111.11   1600.00   2500.00   2500.00   2500.00
      3.08     14.79     75.61    236.69    277.78    816.33    816.33   1111.11   1600.00   2500.00   2500.00   2500.00   1600.00   1600.00   1600.00   1600.00   1600.00   1600.00   1600.00
      3.08      5.05     75.61    236.69    277.78    625.00    625.00   1111.11   1111.11   1111.11   1600.00   1600.00   1600.00   1600.00   1600.00   1600.00   1600.00   1600.00   1600.00
      3.08      5.05      5.41     41.62    177.78    625.00    625.00    816.33    816.33    816.33    816.33   1600.00   1600.00   1600.00   2500.00   1600.00   2500.00   1600.00   1600.00
      3.08      5.05      5.41     41.62    177.78    236.69    330.58    625.00    625.00    625.00    816.33    816.33   1600.00   2500.00   2500.00   2500.00   2500.00   1600.00   1111.11
      3.08      5.05      5.41     41.62    177.78     64.00    177.78    330.58    493.83    625.00    816.33    816.33   1111.11   2500.00   2500.00   1600.00   1600.00   1600.00   1600.00
      3.08      5.05      1.69      3.92     36.73     64.00    177.78     15.38     21.63    177.78    625.00    816.33    625.00    816.33    816.33   1600.00   1600.00   1600.00   1111.11
      3.08      1.18      1.69      3.92     36.73      4.62      6.10     15.38      6.57     21.63    177.78    177.78    156.25    330.58    625.00    625.00   1111.11   1111.11   1111.11
      3.08      1.18      1.69      1.69      1.96      4.62      1.96      2.44      2.69      2.04      5.17      5.17     26.30    156.25    236.69    400.00    400.00    816.33    816.33
      3.08      1.18      1.69      1.69      1.69      1.69      1.96      1.54      1.54      1.47      2.04      2.10      2.10      2.16      7.11      8.40     30.86    156.25    138.41
      1.21      1.18      1.18      1.18      1.25      1.69      1.96      1.54      1.54      1.71      1.71      2.04      2.04      2.04      2.04      1.83      2.16      1.60      1.60
      1.21      1.18      1.18      1.14      1.25      1.96      1.96      3.63      6.75      1.71      2.52      6.75      3.02      3.02      1.83      1.83      1.14      1.14      1.21
      1.21      1.21      1.18      1.14      1.69      1.69      5.67     44.44     44.44     44.44     26.30     26.30     26.30     26.30     17.36     17.36      6.41      6.41      6.41
      1.21      1.18      1.18      1.14      1.25      5.67      5.67     47.56    277.78    625.00    816.33    177.78    625.00    330.58    177.78    177.78    156.25    400.00    400.00
      1.21      1.18      1.18      1.18      1.25      5.67     47.56    493.83    493.83    625.00    816.33    816.33   1111.11   1111.11   1111.11    400.00    625.00   1111.11   1111.11
      1.80      1.18      1.21      1.83      1.83      5.67     41.62    493.83    625.00   1600.00   2500.00   2500.00   2500.00   1111.11   1111.11   1111.11   1111.11   1111.11   1111.11
      1.80      1.18      1.21      1.83      5.67     41.62     41.62    816.33    816.33   1600.00   2500.00   2500.00   2500.00   1111.11   1111.11   1111.11   1111.11   1111.11    816.33
      1.80      1.18      1.21      2.40      7.51     41.62    816.33   2500.00   2500.00   2500.00   2500.00   2500.00   2500.00   2500.00   1111.11    625.00    625.00    493.83    493.83
      1.80      1.22      1.21      2.40      7.51    156.25    816.33   2500.00   4444.44   4444.44   2500.00   1600.00   1111.11   1111.11   1111.11    625.00    400.00    400.00    100.00
      1.80      1.22      1.80      3.13     19.75    156.25    816.33   4444.44   4444.44   4444.44   1600.00   1600.00   2500.00   2500.00   1111.11    816.33    236.69     36.73     12.31
      1.80      1.22      1.80      3.13     19.75    204.08    816.33   1111.11   4444.44   4444.44   2500.00   1600.00   2500.00   2500.00   1111.11    816.33    156.25     18.90     18.90
      1.80      1.22      1.80      3.13     19.75    277.78    277.78    816.33   2500.00   2500.00   2500.00   2500.00   2500.00   2500.00   2500.00    816.33    156.25     41.62     39.06
      1.80      1.22      1.96      3.13     20.66    277.78    277.78    816.33   1111.11   2500.00   2500.00   2500.00   2500.00   2500.00    816.33    493.83    204.08     41.62     41.62
      1.80      1.80      1.96      3.13     20.66    277.78    277.78    816.33   1600.00   2500.00   2500.00   2500.00   2500.00   2500.00   1111.11    493.83    204.08     41.62     11.11
      1.80      1.80      1.96      2.26     23.80    277.78    277.78    493.83    816.33   1600.00   1111.11   1600.00   2500.00   2500.00   1111.11    625.00    236.69     39.06      6.25
      1.80      1.80      1.96      2.26      2.26     39.06    277.78    816.33   1111.11   1600.00   1600.00   1600.00   1600.00   1600.00   1600.00   1600.00    816.33    625.00    204.08
      2.07      1.80      1.96      1.96      2.26     39.06    204.08    816.33    816.33   1600.00   1600.00   1111.11   1600.00   1111.11   1111.11   1600.00   1600.00   1111.11    625.00
      2.07      1.80      1.96      1.96      2.26     59.17     59.17    277.78   1600.00   1600.00   1600.00   1600.00   1111.11    816.33   1111.11   1111.11   1111.11   1111.11    816.33
      2.07      2.07      1.96      1.96      2.26      2.26     59.17    400.00    400.00   1600.00   2500.00   2500.00   1600.00   1111.11   1111.11   1111.11    816.33    816.33    816.33
      2.07      2.10      1.96      1.96      1.96      2.78      2.78     30.86    400.00    400.00   1600.00   1600.00   1600.00   1600.00   1111.11   1111.11   1111.11    816.33    816.33
      2.07      2.10      1.96      1.96      1.96      1.49      2.87      3.70     30.86    400.00    330.58    625.00    400.00    625.00    625.00   1111.11   1111.11    625.00     69.44
      2.87      2.10      2.10      1.88      1.88      1.49      1.43      3.70      3.70     27.70     18.11    330.58    330.58    493.83    400.00    493.83    330.58    123.46     90.70
      2.87      2.10      2.10      1.88      1.49      1.43      1.43      2.44      2.44      2.78      4.62     18.11     18.11     11.49     44.44      9.77    110.80    110.80    123.46
      2.87      2.10      2.10      2.10      2.19      1.43      2.44      2.78      2.44      3.31      4.94      4.94      5.28      5.28      4.62      3.25      2.92      2.33     18.90
      2.87      3.84      2.10      2.10      2.19      2.44      2.78      2.78      3.31      4.94     17.36     30.86      5.28      4.62      3.25      3.13      3.25      3.25      7.11
      2.87      3.84      4.08      6.25     12.76      2.44      2.78     25.00     36.73     90.70    156.25    156.25    110.80     27.70     27.70     27.70     69.44    110.80    277.78
      2.87      3.84      4.08      6.25     12.76     16.00     54.87     75.61    330.58    400.00    400.00    236.69    110.80     51.02     51.02     75.61    400.00   1111.11   1600.00
