      0.83      0.83     36.14     39.12     55.92     26.47     20.27      9.34      7.69      0.85      0.50      0.50      0.50      0.85      0.85     20.74     36.87     48.29     49.20
      0.50      0.50      0.50     34.71     65.55     82.97     82.97     85.72     87.12     87.12     87.12     87.12     87.12     87.12     85.72     85.72     78.97     73.87     36.14
      4.08     23.22     26.22     29.50     33.09     33.09     30.37     31.26     31.26     31.26     31.26     31.26     20.49     19.85     19.85     16.32     12.39     18.61      7.33
     76.39     80.29     80.29     81.62     82.97     84.34     82.97     82.97     82.97     82.97     81.62     82.97     81.62     81.62     81.62     80.29     80.29     78.97     77.67
      0.50      0.66     20.27     51.05     69.03     81.62     81.62     85.72     85.72     84.34     75.13     78.97     72.64     78.97     84.34     84.34     81.62     81.62     72.64
      4.94     60.06     78.97     84.34     84.34     75.13     81.62     66.69     75.13     70.22     80.29     77.67     77.67     80.29     81.62     87.12     82.97     82.97     82.97
      0.50      0.50     20.27     40.68     51.05     70.22     70.22     78.97     78.97     81.62     82.97     81.62     87.12     82.97     82.97     82.97     85.72     88.53     85.72
      0.50      0.50      0.53      0.62      3.98     35.16     80.33     80.33     92.54     95.14     95.14     97.79     97.79     97.79     97.79     97.79     97.79     97.79     97.79
      0.57      0.50      0.56      0.50      0.50      0.50      0.50      0.50      0.50      0.50      0.50      0.50      0.95      0.83      0.83      0.72     34.71     34.71     27.04
      0.59      2.67      4.69      4.69      9.09     20.01     20.01     13.13     13.13     20.01     65.34     75.81     92.54     95.14     95.14     97.79     97.79     97.79     97.79
     25.15     51.55     66.56     89.71     89.71     94.99     94.99     94.99     94.99    100.50    100.50    100.50    100.50    100.50    100.50    100.50    100.50    100.50    100.50
     34.02     34.02     30.69     12.17      4.64     33.33     13.82      7.26      0.50      0.50      0.50      0.51      1.52     26.47     36.14      1.47      9.34     35.42     49.20
      0.50      0.50      0.50      0.67     36.14     52.96     72.64     72.64     77.67     85.72     85.72     84.34     81.62     81.62     81.62     82.97     80.29     81.62     82.97
      0.50      0.50      0.50     53.93     71.42     84.34     84.34     85.72     81.62     71.42      0.52      0.52     19.36     75.13     84.34     84.34     87.12     85.72     84.34
     94.58     94.58     83.54     83.54     83.54     83.54     83.54     83.54     22.17      1.36      0.50      0.50      0.50      1.75      1.75      1.99     22.17     68.84     39.10
     34.71     39.12     63.31     66.69     66.69     69.03     61.13     72.64     63.31     73.87     80.29     63.31     63.31     71.42     77.67     73.87     80.29     84.34     75.13
      1.52      1.52      0.50      0.50      0.50      1.07     40.68     61.13     66.69     72.64     78.97     81.62     81.62     85.72     85.72     84.34     84.34     85.72     85.72
      0.50      0.50      0.50     18.01     70.25     70.25     87.41     97.10     97.10     97.10     97.10     97.10    100.50    100.50    100.50    100.50    100.50     97.10     97.10
     11.01     11.01     11.01     38.41     72.92     72.92     84.35     90.56     90.56     90.56     90.56     90.56     90.56     90.56     90.56     87.41     93.79     93.79     93.79
      2.13     64.42     62.21     66.69     66.69     82.97     72.64     39.12     77.67     76.39     70.22     82.97     82.97     78.97     89.97     82.97     73.87     81.62     85.72
     22.70      0.52     24.26     64.42     70.22     70.22     59.00     69.03     65.55     65.55     66.69     56.93     54.92     51.05     63.31     71.42     75.13     57.96     69.03
      0.51      0.50      0.53      0.54      0.92     27.28     20.83     67.34     20.83     57.78     87.50     87.50     95.14     97.79     97.79     97.79     97.79     97.79     97.79
     26.47     64.42     63.31     71.42     64.42     66.69     66.69     38.36     75.13     80.29     54.92     82.97     60.06     67.85     81.62     81.62     87.12     85.72     69.03
     60.40     77.01     86.50     93.30     93.30     96.85     96.85     96.85     96.85     96.85     96.85     96.85     96.85    100.50    100.50    100.50    100.50    100.50    100.50
     34.02     38.36     48.29     48.29     55.92     24.26     11.56      3.97      0.95      0.95      2.97     22.70     37.61     65.55     80.29     80.29     81.62     84.34     84.34
      0.50      0.50      0.50      7.26     43.94     76.39     78.97     81.62     85.72     88.53     88.53     88.53     88.53     88.53     85.72     85.72     85.72     84.34     84.34
      4.94     12.81     49.20     52.96     53.93     57.96     57.96     57.96     67.85     50.12     59.00     53.93     52.00     66.69     61.13     61.13     53.93     35.42      0.50
      0.50      0.50      0.50     16.41     47.39     65.55     77.67     80.29     81.62     82.97     85.72     88.53     88.53     85.72     82.97     82.97     84.34     84.34     85.72
     27.04     66.69     72.64     69.03     69.03     61.13     63.31     67.85     76.39     51.05     35.42     57.96     57.96     70.22     69.03     56.93     57.96     54.92     67.85
      0.84     26.75     25.51     25.51     25.51     62.69     70.25     72.92     75.66     87.41     93.79     93.79     97.10     90.56     90.56     93.79     97.10     97.10    100.50
      6.10     66.69     77.67     64.42     65.55     59.00     61.13     67.85     62.21     49.20     38.36     59.00     69.03     59.00     59.00     52.96     73.87     64.42     53.93
      0.72      1.38      0.52      0.50      0.50      0.50     16.41     18.91      7.48      3.85     36.87     50.12     73.87     61.13     61.13     70.22     67.85     61.13     75.13
      2.97     36.14     62.21     61.13     59.00     61.13     54.92     67.85     72.64     63.31     71.42     67.85     56.93     61.13     55.92     69.03     78.97     66.69     56.93
      1.88      2.32      1.88     30.17     30.17     78.42     78.42     94.21     94.21     95.75     95.75     97.31     97.31     98.90     98.90     98.90     98.90     98.90     98.90
     26.47     45.64     63.31     81.62     77.67     72.64     80.29     73.87     82.97     71.42     76.39     80.29     81.62     87.12     87.12     88.53     80.29     82.97     82.97
     22.70     12.81     50.12     70.22     64.42     48.29     65.55     71.42     75.13     71.42     67.85     67.85     63.31     73.87     55.92     59.00     69.03     41.48     63.31
     31.99     18.91      6.10      9.09     31.99     27.04     36.14     69.03     71.42     61.13     62.21     62.21     56.93     50.12     60.06     75.13     65.55     70.22     82.97
     22.70     36.14     44.78     69.03     72.64     77.67     76.39     76.39     78.97     80.29     80.29     80.29     76.39     76.39     65.55     55.92     53.93     54.92     62.21
      0.50      0.58      0.85      1.42     36.87     22.70      7.06     59.00     65.55     49.20     80.29     80.29     75.13     56.93     81.62     70.22     55.92     59.00     57.96
     25.15     66.56     89.71     94.99     94.99     94.99     94.99     94.99     94.99     94.99     94.99     94.99    100.50    100.50    100.50    100.50    100.50    100.50    100.50
     42.10     70.78     89.71     94.99     94.99    100.50    100.50    100.50    100.50    100.50    100.50    100.50    100.50    100.50    100.50    100.50    100.50    100.50    100.50
     16.01     16.01     43.11     50.12     62.21     62.21     71.42     59.00     59.00      9.60      0.66      0.66     14.16     65.55     80.29     80.29     77.67     80.29     80.29
     27.04     46.51     67.85     73.87     70.22     66.69     62.21     49.20     54.92     60.06     57.96     57.96     49.20     72.64     76.39     70.22     64.42     62.21     75.13
     22.70     41.48     42.29     49.20     71.42     72.64     71.42     71.42     75.13     78.97     76.39     76.39     76.39     76.39     77.67     78.97     84.34     84.34     84.34
      0.50      2.43      1.29      1.80     19.81     50.12     60.06     70.22     71.42     52.96     55.92     69.03     54.92     78.97     63.31     54.92     61.13     77.67     69.03
     28.82     28.82     41.48     43.94     65.55     65.55     71.42     72.64     72.64     73.87     76.39     76.39     76.39     76.39     77.67     77.67     80.29     80.29     80.29
      0.50      0.50      0.54     27.28     67.34     85.06     89.99     95.14     95.14     97.79     97.79     97.79     97.79     97.79     97.79     97.79     97.79     97.79     97.79
     47.39     65.55     66.69     81.62     81.62     85.72     85.72     88.53     87.12     88.53     87.12     88.53     85.72     85.72     84.34     84.34     84.34     84.34     89.97
     21.70     20.74     48.29     67.85     80.29     60.06     33.33     13.47     34.02     66.69     63.31     59.00     14.52      1.14     24.80     66.69     75.13     78.97     67.85
      4.50     66.69     70.22     73.87     75.13     66.69     63.31     59.00     64.42     61.13     61.13     54.92     57.96     70.22     64.42     69.03     57.96     60.06     48.29
     25.15     89.71     94.99    100.50    100.50    100.50    100.50    100.50    100.50    100.50    100.50    100.50    100.50    100.50    100.50    100.50    100.50    100.50    100.50
     22.70      0.52     24.26     64.42     70.22     61.13     54.92     59.00     56.93     63.31     61.13     61.13     50.12     63.31     69.03     80.29     45.64     62.21     59.00
     94.58     83.54     64.41     12.74      5.40      6.79      6.79     36.22     78.40     88.94     88.94     94.58     94.58     94.58     94.58     94.58     94.58    100.50    100.50
     49.20     49.20     69.03     88.53     72.64     72.64     82.97     75.13     75.13     81.62     73.87     73.87     73.87     62.21     65.55     65.55     72.64     61.13     61.13
      0.60      1.41      5.80      5.80     10.97     18.45     18.45     18.45     18.45      9.99      1.13      3.18      5.50      5.50      3.18      2.38      1.13      1.13      0.96
      0.50     28.22     48.29     75.13     82.97     82.97     82.97     82.97     82.97     87.12     87.12     89.97     87.12     85.72     82.97     82.97     88.53     87.12     87.12
      4.27      9.24      1.97      0.55      0.55      0.55      0.50      0.50      0.50      0.50      0.50      0.51      0.51      0.52      0.52      0.80      0.83      0.97      2.99
      2.60      5.74      2.72     23.22     31.26     28.65      5.99      5.99     35.01     73.38     90.07     94.14     94.14     96.22     96.22     92.09     80.48     76.87     44.69
      4.10      0.50      1.86     26.47     50.12     37.61     47.39     70.22     60.06     50.12     55.92     60.06     60.06     67.85     75.13     61.13     55.92     75.13     63.31
      5.92     20.74     28.22     66.69     66.69     75.13     76.39     77.67     77.67     75.13     76.39     77.67     77.67     78.97     78.97     78.97     77.67     77.67     75.13
     34.02     18.04     23.73     26.47     26.47      0.50      3.97      3.97     31.34     51.05     54.92     54.92     80.29     81.62     82.97     87.12     87.12     85.72     85.72
      1.14      1.14      0.58     45.64     78.97     78.97     65.55     11.86     11.86     46.51     57.96     57.96     22.70     39.12     47.39     47.39     70.22     59.00     59.00
      0.60      4.69     35.16     75.81     87.50     92.54     95.14     97.79     97.79     97.79     97.79     97.79     97.79     97.79     97.79     97.79     97.79     97.79     97.79
     19.81     19.81     31.34     38.36     44.78     44.78     24.26     28.82     28.82     53.93     67.85     67.85     45.64     31.34     52.00     52.00     37.61     36.87     36.87
      4.94     78.97     66.69     56.93     75.13     84.34     78.97     70.22     43.11     78.97     70.22     78.97     55.92     73.87     65.55     71.42     78.97     73.87     65.55
      0.73      6.11      6.11     17.71     32.75     61.47     67.34     92.54     95.14     97.79     97.79     97.79     97.79    100.50    100.50    100.50    100.50    100.50    100.50
      0.50      0.50      0.50      0.50      0.50      0.50      0.50      0.50      7.69      7.69     39.89     29.44     29.44     29.44     52.96     57.96     76.39     82.97     73.87
      2.32      4.52     13.54     59.13     91.17     97.31     97.31     98.90     98.90     98.90     98.90     98.90    100.50     98.90     98.90     98.90    100.50    100.50     98.90
     83.54     83.54      0.77      0.77     60.19     60.19     94.58     94.58     94.58     94.58    100.50    100.50    100.50    100.50    100.50    100.50    100.50    100.50    100.50
     29.44      0.50      0.50      0.60      0.60     70.22     78.97     85.72     84.34     85.72     88.53     88.53     88.53     87.12     87.12     80.29     80.29     82.97     73.87
      0.84      0.84      6.96     81.13     81.13     95.75     97.31     98.90     98.90     98.90     98.90     98.90     98.90     98.90     98.90     98.90     97.31     86.76     39.53
     29.17      0.50      0.50      0.50      0.50      0.50      0.50      0.50      0.50      0.50      0.52      0.52     46.65     55.52     83.24     93.30     93.30     93.30     96.85
      0.50      0.50      0.50     10.13     51.05     70.22     70.22     72.64     77.67     82.97     82.97     84.34     85.72     87.12     87.12     84.34     84.34     85.72     85.72
      5.41     18.47     22.70     31.34     26.47     47.39     50.12     53.93     72.64     73.87     75.13     75.13     78.97     76.39     77.67     78.97     77.67     76.39     78.97
      0.50      0.50      0.53      0.76      0.76      0.76      0.76      0.76      1.78      1.88     26.28     17.71     17.71      1.88      8.26      2.52     35.16     59.60     29.38
     16.25     16.25     16.25     60.40     83.24     96.85     96.85     96.85     96.85     96.85     96.85     96.85     96.85     96.85     96.85    100.50    100.50    100.50    100.50
      0.73      1.41      2.38      5.80      5.80     50.90     50.90     82.67     89.99     85.06     89.99     95.14     92.54     97.79     97.79     97.79     97.79     97.79     97.79
      0.73      1.41      6.11     32.75     32.75     75.81     87.50     97.79     97.79     97.79     97.79     97.79     97.79     97.79     97.79     97.79    100.50     97.79     97.79
     94.58     94.58     83.54     83.54     78.40     22.17     83.54     22.17      6.79      3.77      0.61      0.50      0.50      5.40     26.28     68.84     83.54     94.58     94.58
      0.83      0.83     36.14     39.12     55.92     54.92     43.94     43.94     43.11     42.29     41.48     25.90     17.62      4.10      0.85      0.50      0.50      0.50      0.51
     42.10     70.78     89.71     94.99     94.99     94.99    100.50    100.50    100.50    100.50    100.50    100.50    100.50    100.50    100.50    100.50    100.50    100.50    100.50
     31.99      6.28      6.10      9.09     31.99     23.73     51.05     69.03     64.42     61.13     71.42     69.03     69.03     56.93     70.22     61.13     70.22     71.42     76.39
     18.18     17.20     18.18     68.32     93.30     96.85     96.85     96.85     96.85    100.50    100.50    100.50    100.50    100.50    100.50    100.50    100.50    100.50    100.50
      6.47      9.09     10.68     12.81     12.81     23.21     23.21      8.84      8.84     14.16     15.25     18.47     15.25     12.81      4.10     46.51     39.12     34.71     24.26
      0.50      0.50     11.86     41.48     71.42     77.67     72.64     82.97     85.72     85.72     85.72     81.62     80.29     80.29     66.69     60.06     15.25      0.50      0.50
      1.88      1.88      3.84      8.06     21.08     21.08     46.30     78.42     78.42     81.13     92.68     92.68     97.31     97.31     98.90     98.90     97.31     97.31     97.31
      4.08     19.22     43.52     84.22     84.22     84.22     92.09     92.09     92.09     62.10     44.69      5.07      5.07      3.12      3.12     41.26     23.94     21.82     86.14
     60.40     77.01     86.50     86.50     93.30     96.85     96.85     96.85     96.85     96.85     96.85     96.85     96.85    100.50    100.50    100.50     96.85     96.85     96.85
      1.88      2.48      3.84      8.06     27.66     64.72     85.33     89.68     88.21     89.68     92.68     97.31     98.90     98.90     98.90     98.90     98.90     98.90     98.90
      0.50      0.50      0.50      9.34     65.55     65.55     65.55     37.61     37.61     16.80     49.20     49.20     84.34     84.34     85.72     85.72     82.97     82.97     82.97
      0.84      0.78      0.68      0.87      0.87      1.04      0.63      0.59      1.00      0.50      1.10      0.76     13.54     46.30     34.25     74.49     52.91     60.22     60.22
     25.15     89.71     94.99     94.99    100.50    100.50    100.50    100.50    100.50    100.50    100.50    100.50    100.50    100.50    100.50    100.50    100.50    100.50    100.50
     21.70     15.25     48.29     57.96     55.92     59.00     63.31     45.64      5.75     32.66     77.67     70.22     65.55     82.97     32.66      3.85     19.36     45.64     61.13
      6.47     28.22     28.22     28.22     22.70     64.42     48.29     28.22     60.06     60.06     61.13     61.13     76.39     75.13     75.13     75.13     77.67     77.67     78.97
     34.02     64.42     64.42     75.13     75.13     80.29     77.67     80.29     80.29     82.97     84.34     84.34     84.34     85.72     80.29     80.29     70.22     77.67     82.97
      0.50     31.99     70.22     80.29     69.03     88.53     75.13     84.34     87.12     73.87     78.97     78.97     70.22     82.97     70.22     67.85     72.64     70.22     52.00
      1.38      0.50      0.50      1.89     16.25     68.32     68.32     89.85     93.30     89.85     96.85     96.85     96.85    100.50    100.50    100.50     96.85     96.85    100.50
     52.00     52.00     77.67     77.67     77.67     77.67     80.29     82.97     85.72     82.97     80.29     78.97     80.29     84.34     84.34     82.97     64.42      2.27      0.50
      2.97     13.14     52.00     55.92     55.92     49.20     53.93     61.13     50.12     42.29     73.87     64.42     64.42     62.21     64.42     64.42     25.90     23.21     38.36
     88.94     88.94     83.54     88.94     60.19     30.95     68.84     64.41     16.96     45.37      9.40      9.40      9.40      7.58      7.58     56.19     56.19     83.54     94.58
      0.73      1.41      6.11     32.75     61.47     75.81     87.50     95.14     97.79     97.79     97.79     97.79     97.79     97.79    100.50    100.50    100.50     97.79     97.79
     22.70      0.52     50.12     70.22     64.42     70.22     59.00     71.42     77.67     63.31     65.55     67.85     52.96     56.93     59.00     71.42     69.03     50.12     46.51
      9.86     27.63     43.94     59.00     59.00     72.64     67.85     64.42     72.64     70.22     78.97     78.97     88.53     80.29     73.87     78.97     85.72     81.62     72.64
      0.51      0.50      0.53      0.53      0.92      0.92      0.92      0.92      1.26     57.78     75.81     63.38     82.67     89.99     97.79     97.79     97.79     97.79     97.79
      0.72      1.38      0.52      0.79      0.50      0.50      0.57      1.04      5.58     23.21     55.92     55.92     75.13     52.96     69.03     61.13     72.64     69.03     69.03
      1.57     57.96     61.13     71.42     71.42     64.42     52.00     51.05     46.51     62.21     67.85     65.55     65.55     65.55     82.97     65.55     60.06     45.64     31.99
      0.73      6.11     17.71     17.71     17.71     20.83     22.54     44.66     52.56     78.04     92.54     95.14     97.79     97.79     97.79     97.79     97.79     97.79     97.79
     29.17      5.49      4.76      1.28      1.28     27.75     38.91     62.96     74.02     86.50     89.85     89.85     86.50     86.50     71.13     86.50     71.13     32.18      5.90
      0.50      0.50      0.50      2.06      4.64     12.81     12.81     32.66     36.14     62.21     57.96     35.42     57.96     69.03     70.22     70.22     69.03     76.39     75.13
      0.50      9.86     29.44     55.92     63.31     62.21     69.03     80.29     80.29     81.62     85.72     85.72     82.97     82.97     82.97     84.34     85.72     85.72     85.72
     34.71     37.61     52.00     54.92     66.69     39.12     63.31     66.69     76.39     70.22     52.00     57.96     63.31     64.42     69.03     80.29     77.67     80.29     71.42
     21.70     20.74     51.05     59.00     77.67     78.97     27.04      3.38     23.73     54.92     44.78      2.35     56.93     69.03     66.69     66.69     75.13     65.55     66.69
     44.78     47.39     65.55     64.42     70.22     80.29     70.22     80.29     81.62     81.62     82.97     84.34     85.72     85.72     87.12     87.12     82.97     85.72     88.53
      2.32      2.32     13.54     61.32     92.68     92.68     97.31     98.90     98.90     98.90     98.90     98.90     98.90     98.90     98.90     98.90     98.90     98.90     98.90
     94.58     94.58     94.58     94.58     94.58    100.50    100.50    100.50    100.50    100.50    100.50    100.50    100.50    100.50    100.50    100.50    100.50    100.50    100.50
      5.92     18.47     28.22     71.42     76.39     77.67     77.67     81.62     80.29     78.97     78.97     73.87     65.55     56.93     53.93     53.93     55.92     52.96     52.96
     12.49      5.09     28.22     65.55     72.64     59.00     57.96     44.78     62.21     64.42     52.00     48.29     56.93     34.71     63.31     56.93     57.96     67.85     73.87
      0.50      1.38      1.74      1.47      2.43      0.63      6.28      7.69      1.99     38.36     13.14     28.82     40.68     25.90     53.93     33.33     54.92     43.11     43.11
      1.30      4.52     32.16     86.76     86.76     97.31     97.31     98.90     98.90     98.90     98.90    100.50    100.50    100.50     98.90    100.50    100.50    100.50    100.50
      6.44     70.78     89.71     94.99     94.99    100.50    100.50    100.50     94.99    100.50    100.50    100.50    100.50    100.50    100.50    100.50    100.50     94.99     94.99
      3.49      3.07     10.13     23.21     28.82     32.66     43.94     46.51     55.92     67.85     63.31     59.00     62.21     67.85     66.69     78.97     53.93     57.96     75.13
      6.10      6.10     77.67     65.55     80.29     80.29     67.85     66.69     66.69     61.13     64.42     64.42     65.55     44.78     66.69     66.69     62.21     52.96     52.96
     16.25      2.59      9.43     16.25     50.94     77.01     42.65     60.40     68.32     21.41     21.41      0.54      0.56      0.58      0.89      2.59     20.29     13.65     12.11
      4.10      0.50      1.86     26.47     50.12     45.64     53.93     60.06     69.03     64.42     50.12     48.29     64.42     63.31     46.51     70.22     60.06     66.69     63.31
     45.64     47.39     67.85     77.67     70.22     65.55     65.55     65.55     60.06     32.66     32.66     54.92     32.66     20.27      7.26      7.26      2.69      0.50      0.50
     49.20     71.42     69.03     88.53     81.62     71.42     71.42     72.64     81.62     72.64     85.72     72.64     73.87     73.87     84.34     84.34     85.72     80.29     77.67
      9.60      0.70      1.07     23.21     44.78     64.42     48.29     61.13     69.03     55.92     46.51     17.62     16.80     13.47     16.01      3.17      8.84      5.41     34.02
      4.27      4.27      4.27     48.33     48.33     90.07     92.09     92.09     94.14     92.09     94.14     82.33     82.33     49.59     44.69     26.22     26.22     34.04     35.99
      6.47      9.09     28.22     28.22     22.70     22.70      3.27     28.22     18.04     18.04     39.12     41.48     70.22     72.64     75.13     76.39     75.13     78.97     80.29
     94.58     88.94     94.58    100.50     94.58     94.58     94.58     94.58     94.58     94.58     88.94     94.58     83.54     83.54     83.54     83.54     83.54     68.84     68.84
      1.88      2.48      3.84      8.06      6.37     11.88     11.88     32.84     71.95     67.07     85.33     92.68     91.17     94.21     95.75     95.75     95.75     89.68     89.68
      3.49     37.61     43.94     80.29     80.29     45.64     43.11     61.13     60.06     71.42     52.96     59.00     59.00     76.39     59.00     67.85     63.31     59.00     49.20
      1.14      8.84      0.58     53.93     53.93     62.21     40.68     12.49      7.69     52.96     63.31     21.70     36.14     45.64     45.64     59.00     60.06     57.96     62.21
     13.14      6.66      0.67      5.41     46.51     24.26     24.26     18.91      4.50      3.38      6.86     52.00     28.22     52.00     71.42     71.42     52.00     57.96     63.31
      0.50      2.43      0.85      1.42     36.87     30.06     19.81     59.00     63.31     59.00     76.39     77.67     54.92     70.22     81.62     51.05     54.92     64.42     73.87
     19.81      0.98     31.34     12.49     14.88      9.34      0.50     14.88      0.79      0.73      4.36      3.38     23.21     23.73     23.73     37.61     45.64     70.22     64.42
      4.27      4.27     10.72     22.51     84.22     90.07     94.14     92.09     90.07     86.14     80.48     40.16     49.59     18.02     18.02     14.25     17.43     17.43     68.37
      2.59      2.59      2.59      4.10      8.28      8.28      8.28     17.20     17.20     50.94     55.52     55.52     80.08     93.30     96.85     96.85     96.85     96.85     96.85
      0.50      0.50      8.69     62.69     90.56     93.79     93.79     93.79     97.10     97.10     97.10     97.10     97.10     97.10     97.10    100.50    100.50    100.50     97.10
      8.37     77.67     77.67     78.97     75.13     75.13     71.42     53.93     41.48      0.50      0.50     40.68     19.36      8.60      0.54      7.69      0.50      0.50     18.91
      2.59      1.38      2.59     53.19     53.19     74.02     89.85     96.85     96.85     96.85    100.50    100.50    100.50    100.50    100.50    100.50    100.50    100.50    100.50
     19.81     28.22     67.85     54.92     63.31     52.00     52.00     69.03     64.42     54.92     56.93     61.13     60.06     62.21     63.31     63.31     55.92     70.22     59.00
     46.65     60.40     60.40     48.76     37.13     37.13     37.13     35.42     35.42     32.18     25.06     32.18     42.65     44.62     48.76     57.92     60.40     62.96     80.08
      4.08     19.22     43.52     78.66     88.09     94.14     96.22     96.22     96.22     96.22     96.22     96.22     82.33     70.01     70.01     22.51     35.01     48.33      9.24
      3.85     15.25      8.60     42.29     67.85     78.97     53.93     43.94     39.12      5.75     38.36     56.93     64.42     59.00     59.00     59.00     28.82     18.04     27.63
      2.32      2.32     13.54     27.06     75.78     78.42     94.21     94.21     97.31     98.90     98.90     98.90     98.90     98.90     98.90     98.90     98.90     98.90     98.90
      7.69      2.51     25.34     52.00     61.13     44.78     55.92     70.22     73.87     49.20     57.96     81.62     63.31     82.97     73.87     67.85     60.06     64.42     62.21
      0.50      0.50      0.54     27.28     67.34     85.06     67.34     85.06     95.14     95.14     95.14     97.79     97.79     97.79     97.79     97.79     97.79     97.79     97.79
      0.50      0.50      0.50     54.92     71.42     81.62     84.34     85.72     84.34     75.13     55.92      3.61      4.94     44.78     80.29     82.97     85.72     84.34     82.97
     11.12     15.78     80.48     92.09     96.22     96.22     98.34     98.34     98.34     98.34     98.34     98.34    100.50     98.34     98.34     98.34    100.50    100.50    100.50
      4.27      5.74     10.72     75.11     80.48     90.07     90.07     71.68     40.16     15.25     15.25     11.95     50.88     59.14     82.33     82.33     94.14     98.34     98.34
     27.04     67.85     71.42     70.22     64.42     71.42     73.87     53.93     70.22     64.42     56.93     52.96     52.96     38.36     56.93     60.06     55.92     66.69     61.13
      7.69      2.51     52.00     42.29     64.42     66.69     67.85     62.21     65.55     61.13     52.00     62.21     72.64     65.55     64.42     72.64     57.96     64.42     70.22
      5.92     20.74     28.22     66.69     75.13     76.39     76.39     77.67     76.39     76.39     76.39     76.39     76.39     76.39     76.39     75.13     72.64     72.64     73.87
      0.60      4.69     35.16     75.81     87.50     92.54     97.79     97.79     97.79     97.79     97.79     97.79     97.79     97.79     97.79     97.79     97.79     97.79     97.79
      0.84      0.84      6.96     81.13     92.68     95.75     97.31     98.90     98.90     98.90     98.90     98.90     98.90     98.90     98.90     97.31     92.68     50.00     18.72
      0.50      0.50      9.86     29.44     52.96     31.99     42.29     60.06     54.92     69.03     80.29     80.29     80.29     84.34     82.97     82.97     82.97     81.62     77.67
     34.02      0.83      0.50      0.50      0.50     50.12     56.93     72.64     64.42     62.21     75.13     85.72     85.72     85.72     87.12     85.72     87.12     87.12     87.12
      0.50      0.85      2.60     18.91     18.91     18.91     25.34     25.90     38.36     40.68     57.96     57.96     57.96     52.00     49.20     51.05     51.05     39.89     55.92
     94.58     45.37      6.06      4.80      4.80     68.84     88.94     94.58     94.58     94.58     94.58     94.58    100.50    100.50    100.50    100.50    100.50     94.58    100.50
      0.50      0.50     22.19     50.12     75.13     80.29     81.62     82.97     82.97     82.97     82.97     84.34     84.34     84.34     84.34     85.72     85.72     82.97     80.29
      1.57      0.50      1.29      0.50      0.50      0.66      1.14      0.70      0.64      3.61     15.63     30.69     13.47      0.98     50.12     69.03     72.64     66.69     73.87
     29.17      5.49      4.76      1.28      1.28      3.27     17.20     27.75     35.42     62.96     65.60     74.02     74.02     27.75      8.84      7.75      5.90      1.28      1.61
     10.97     10.97     10.68      0.50      0.50      0.50      0.50      0.50      0.50      0.57     31.99     31.99     52.96     55.92     55.92     55.92     48.29      0.52      0.52
     29.17      5.49     48.76     37.13     27.75     27.75     38.91     89.85     93.30     93.30     93.30     93.30     96.85     96.85     93.30     93.30     89.85     89.85     86.50
     46.51     57.96     75.13     59.00     72.64     75.13     72.64     60.06     62.21     70.22     71.42     64.42     75.13     43.94     43.94     27.04     40.68     44.78     71.42
      1.88      2.32      1.88      1.43      3.60     45.41     27.06     17.84     55.96     35.70     18.28     18.28     68.26     68.26     77.09     89.68     89.68     92.68     97.31
     16.41      1.17     15.25     44.78     65.55     70.22     73.87     72.64     55.92     45.64     71.42     70.22     62.21     65.55     64.42     60.06     63.31     69.03     78.97
      9.86      1.57     22.70     36.14     18.91     31.34     50.12     64.42     54.92     76.39     67.85     67.85     80.29     88.53     82.97     76.39     80.29     69.03     87.12
     46.51     46.51     75.13     49.20     53.93     53.93     67.85     53.93     53.93     32.66      0.53      0.53      9.34     49.20     60.06     60.06     72.64     80.29     80.29
      0.83      0.83     36.14     67.85     71.42     71.42     76.39     71.42     72.64     78.97     84.34     85.72     85.72     82.97     88.53     87.12     85.72     84.34     82.97
      2.59      2.59      3.03      4.10      8.84      3.53      3.81     25.06     14.48     14.48     17.20     17.20     14.48     46.65     60.40     60.40     80.08     93.30     96.85
     42.10     51.55     84.66     62.54     84.66     84.66     89.71     89.71    100.50    100.50    100.50    100.50    100.50    100.50    100.50    100.50     94.99     94.99     94.99
      8.37      8.37     48.29     48.29     48.29     23.21     54.92     46.51     67.85     64.42     78.97     77.67     77.67     77.67     77.67     73.87     71.42     69.03     60.06
      0.50      0.50      0.50     54.92     54.92     80.29     84.34     85.72     84.34     59.00      6.10      3.61      3.61     62.21     76.39     85.72     85.72     84.34     81.62
     28.82     48.29     65.55     78.97     82.97     84.34     75.13     78.97     66.69     70.22     76.39     84.34     62.21     59.00     80.29     78.97     87.12     75.13     71.42
      0.72      2.51      0.52      0.79      0.50      0.50      0.77      1.04      1.29      7.26     29.44     46.51     53.93     77.67     77.67     76.39     77.67     75.13     62.21
      0.50      0.52      0.52     52.00     52.00     63.31     76.39     76.39     75.13     82.97     85.72     87.12     88.53     88.53     89.97     88.53     87.12     85.72     85.72
      4.08     23.22     29.50     82.33     94.14     96.22     98.34     98.34     98.34     98.34     98.34     98.34     98.34     98.34     98.34    100.50    100.50    100.50    100.50
     10.97     47.39     10.68      0.50     29.44     20.74     20.74     19.36     19.36     60.06     69.03     62.21     69.03     70.22     76.39     76.39     75.13     76.39     52.00
     52.00     52.00     77.67     77.67     77.67     77.67     77.67     82.97     84.34     82.97     80.29     80.29     80.29     80.29     84.34     84.34     73.87     34.71      0.50
      4.23      0.61     12.17     31.34     25.90     52.96     37.61     67.85     75.13     61.13     71.42     55.92     78.97     77.67     60.06     66.69     60.06     66.69     76.39
     11.01     11.01     11.01     60.31     87.41     93.79     93.79     97.10     97.10     97.10     97.10     97.10     97.10    100.50    100.50    100.50    100.50    100.50    100.50
     94.58    100.50    100.50    100.50    100.50    100.50    100.50    100.50    100.50    100.50    100.50    100.50    100.50    100.50    100.50    100.50    100.50    100.50    100.50
      0.83      0.83      0.83     22.70     76.39     76.39     77.67     69.03     69.03     60.06     59.00     59.00     67.85     67.85     76.39     76.39     76.39     77.67     77.67
      0.50      0.50      0.50     16.41     47.39     52.96     72.64     77.67     82.97     85.72     85.72     85.72     85.72     84.34     82.97     84.34     84.34     84.34     82.97
     46.51     18.91     75.13     43.94     43.11     16.80     21.70     28.82      1.29      5.58     64.42     75.13     75.13     61.13     61.13     71.42     63.31     72.64     72.64
     63.31     78.97     81.62     82.97     82.97     81.62     81.62     72.64     65.55     27.63      3.17      0.50      0.50     12.49     59.00     73.87     78.97     80.29     80.29
     19.81     19.81     67.85     54.92     53.93     53.93     71.42     59.00     59.00     72.64     59.00     59.00     70.22     60.06     70.22     70.22     39.89     47.39     47.39
      0.50      0.50      0.57      0.50      0.50      0.50      0.50      2.43     20.27     37.61     39.89     37.61     25.34      8.37      1.38     49.20     75.13     81.62     84.34
     21.70      8.84     51.05     59.00     77.67     73.87     35.42      3.38     38.36     63.31     65.55     65.55     28.22     72.64     72.64     72.64     70.22     72.64     66.69
      0.66      0.50      0.50      0.84      1.43      2.07      2.07      3.45     35.19     35.19     87.41     93.79     97.10     97.10     97.10     97.10     97.10     97.10     97.10
      7.69      2.51      2.43     23.21     19.81     44.78     55.92     47.39     66.69     37.61     59.00     73.87     61.13     77.67     66.69     69.03     53.93     57.96     49.20
      0.73      6.11     28.31     17.71     17.71     17.71     16.99     16.99      7.86      5.22     22.54     71.48     61.47     82.67     92.54     92.54     97.79     87.50     87.50
      1.17      1.17      6.96     81.13     94.21     94.21     98.90     98.90     98.90     98.90     98.90     98.90     98.90    100.50     98.90     98.90     98.90     97.31     97.31
      8.37     77.67     77.67     76.39     76.39     75.13     71.42     65.55      4.36      0.50      0.50      0.50      8.60      0.50      8.60     21.70     30.06      2.43      0.54
     11.01      2.23      3.45     11.01     38.41     28.03     49.43     65.14     12.34     33.66     49.43     49.43      1.79      1.08      1.08      0.50      0.56      0.57      0.53
      0.50      0.50      0.50     14.88     70.22     77.67     85.72     85.72     87.12     88.53     85.72     87.12     87.12     87.12     87.12     82.97     85.72     82.97     82.97
      0.50      0.50     20.27     51.05     78.97     78.97     85.72     85.72     85.72     84.34     80.29     80.29     80.29     84.34     87.12     87.12     84.34     82.97     82.97
      0.50      1.38      0.54      1.33      0.51     60.06     60.06     62.21     55.92     50.12      2.35     27.63     57.96     71.42     48.29     48.29     59.00     55.92     75.13
     34.02     64.42     64.42     52.00     45.64     67.85     62.21     43.11     69.03     59.00     39.89     39.89     50.12     30.69      7.06     43.94     42.29     37.61     52.00
      6.44     70.78     89.71     94.99     94.99     94.99    100.50    100.50    100.50    100.50    100.50    100.50    100.50    100.50    100.50    100.50    100.50    100.50    100.50
      0.50      0.50      0.50     34.71     70.22     78.97     78.97     85.72     88.53     88.53     87.12     87.12     88.53     87.12     81.62     81.62     69.03     41.48     33.33
      6.44     70.78     89.71     94.99     94.99    100.50    100.50    100.50     94.99     94.99    100.50    100.50    100.50    100.50    100.50    100.50    100.50     94.99     94.99
     28.22     27.63     63.31     63.31     33.33     65.55     73.87     52.96     69.03     76.39     69.03     72.64     72.64     80.29     80.29     69.03     85.72     80.29     72.64
      0.83      0.83      0.83     31.34     73.87     77.67     76.39     69.03     67.85     66.69     78.97     84.34     87.12     87.12     87.12     87.12     89.97     88.53     76.39
     18.47     18.47     31.34     40.68     69.03     69.03     75.13     76.39     76.39     76.39     76.39     76.39     75.13     70.22     64.42     64.42     70.22     71.42     71.42
      0.50      0.50     12.17      1.21     11.86     11.56     11.56      0.92      0.67      3.97      3.17      7.06      3.61      1.29      6.66      6.66     49.20     39.12     56.93
      0.50      0.85      2.60     10.68     10.68     22.70     22.70      2.97     22.70      2.97      0.50      0.50      0.61      0.50      0.50      0.50      0.50      3.72      1.04
     54.92     76.39     82.97     77.67     78.97     78.97     78.97     81.62     82.97     82.97     82.97     81.62     80.29     80.29     82.97     82.97     82.97     81.62     85.72
     16.41      1.17     54.92     59.00     62.21     72.64     66.69     63.31     71.42     66.69     54.92     70.22     60.06     59.00     66.69     72.64     78.97     70.22     67.85
      7.69     36.87     52.00     64.42     52.96     60.06     55.92     54.92     65.55     64.42     39.12     44.78     66.69     72.64     65.55     31.34     72.64     70.22     45.64
      4.94     12.81     49.20     66.69     53.93     60.06     78.97     73.87     42.29     50.12     56.93     49.20     54.92     61.13     61.13     67.85     59.00     47.39     13.47
     12.49      6.66     17.21     56.93     62.21     56.93     41.48     61.13     49.20     47.39     56.93     56.93     61.13     52.96     45.64     42.29     36.14     47.39     39.89
      0.83      0.83      0.83     22.70     73.87     77.67     77.67     77.67     65.55     66.69     73.87     67.85     77.67     80.29     81.62     81.62     84.34     85.72     78.97
      4.23      1.07      1.17      3.07      0.54     18.91     13.14      2.27      1.04      5.25      5.09     27.63     36.87     24.26     10.40     13.82     32.66     53.93     70.22
