      1.40      1.14      1.02      1.02      1.15      2.12      9.62     65.22    178.87    336.70    412.06    444.87    468.31    493.09    591.62    693.06    674.93    711.71    750.67
      1.40      1.11      1.01      1.02      1.17      2.12     19.08    354.03    576.33    674.93    711.71    711.71    730.91    750.67    771.00    813.46    835.63    835.63    813.46
      1.11      1.01      1.01      1.02      1.94     30.88    187.54    391.64    693.06    750.67    750.67    750.67    750.67    771.00    791.92    791.92    791.92    813.46    835.63
      1.11      1.01      1.24      2.62      5.23     38.27    312.42    506.01    693.06    750.67    771.00    813.46    835.63    835.63    835.63    813.46    813.46    813.46    791.92
      1.11      1.01      1.24      2.10      9.04    141.61    412.06    711.71    750.67    791.92    791.92    791.92    791.92    791.92    791.92    791.92    813.46    813.46    791.92
      1.00      1.01      1.01      2.67     56.30    183.15    547.01    730.91    771.00    791.92    791.92    791.92    791.92    791.92    813.46    858.44    858.44    813.46    771.00
      1.00      1.01      1.89     19.08    105.36    328.39    480.53    750.67    791.92    791.92    813.46    813.46    813.46    858.44    881.93    858.44    835.63    835.63    791.92
      1.00      1.00      1.89     47.74    328.39    372.32    561.46    750.67    771.00    813.46    835.63    835.63    835.63    858.44    881.93    881.93    858.44    835.63    813.46
      1.00      1.00      1.89     39.82    297.30    422.69    561.46    771.00    813.46    835.63    835.63    835.63    835.63    858.44    881.93    881.93    881.93    835.63    771.00
      1.00      1.00      1.15      9.32    297.30    532.96    711.71    771.00    813.46    858.44    881.93    881.93    858.44    835.63    858.44    881.93    881.93    858.44    858.44
      1.00      1.08      6.71    132.16    232.72    493.09    657.30    750.67    813.46    881.93    881.93    881.93    881.93    858.44    858.44    881.93    881.93    881.93    881.93
      1.00      1.08      6.71    216.46    422.69    532.96    657.30    750.67    813.46    858.44    858.44    881.93    858.44    835.63    813.46    835.63    881.93    881.93    881.93
      1.00      1.08      2.84     39.82    345.25    591.62    730.91    771.00    813.46    858.44    881.93    881.93    858.44    835.63    835.63    835.63    835.63    835.63    835.63
      1.00      1.08      2.84     39.82    320.30    506.01    674.93    791.92    858.44    881.93    881.93    858.44    835.63    813.46    791.92    813.46    835.63    791.92    730.91
      1.00      1.08      2.03     13.06    170.63    506.01    674.93    771.00    813.46    858.44    858.44    813.46    750.67    711.71    750.67    791.92    730.91    591.62    345.25
      1.00      1.08      2.03     13.06    141.61    401.71    674.93    791.92    813.46    835.63    813.46    750.67    693.06    640.18    576.33    282.96    144.92    132.16    126.25
      1.00      1.08      2.03     13.06    117.92    304.76    623.53    791.92    791.92    791.92    771.00    674.93    519.30    238.43    107.75    110.20    155.37    304.76    547.01
      1.00      1.00      1.16      3.39     38.27    304.76    576.33    730.91    791.92    791.92    693.06    232.72     44.02     30.29     55.14    155.37    519.30    771.00    813.46
      1.00      1.00      1.16      3.39     13.73     63.86    422.69    693.06    730.91    730.91    711.71    304.76     48.73     19.42     33.36    170.63    623.53    771.00    835.63
      1.00      1.00      1.07      1.39      4.42     11.64     19.77    166.67    519.30    591.62    506.01    192.05     41.44     28.07    126.25    561.46    730.91    813.46    858.44
      1.00      1.00      1.07      1.20      1.36      3.03     12.43     77.42    372.32    468.31    412.06    312.42     69.53     19.42     56.30    328.39    623.53    730.91    813.46
      1.00      1.00      1.01      1.12      1.51      2.03      6.62     12.43     15.20     90.20    256.50    244.30     77.42     28.07     31.48     79.11    320.30    657.30    791.92
      1.00      1.00      1.07      1.30      1.51      1.60      1.91      3.35     12.03     49.73     40.62     58.70    162.81     72.57     35.37     35.37     75.76    290.03    493.09
      1.00      1.00      1.07      1.36      1.60      1.85      2.51      2.93      2.93      2.97      3.00      3.86     10.08     28.07     35.37     30.29     41.44     68.06     86.32
      1.05      1.06      1.07      1.58      2.35      2.35      2.35      2.59      2.28      1.77      1.69      1.68      1.68      2.41      3.77      5.60      8.63      9.62     27.54
      1.05      1.06      1.09      1.67      2.93      4.26      5.45      4.15      2.30      1.82      1.72      1.56      1.34      1.23      1.23      1.11      1.09      1.17      1.17
      1.16      1.62      3.10      3.51      3.64      5.17      6.71      5.23      2.75      1.94      1.94      1.86      1.52      1.22      1.11      1.15      1.62      1.91      1.66
      1.16      1.62      3.10      3.91      6.00      7.89      7.65      8.00      4.59      2.90      2.56      3.43     13.73     19.42     19.77     22.04     12.43     12.43      4.77
      1.16      1.62      3.43      6.00      8.50     12.64     24.16     12.23      5.68     18.41     80.85     80.85    166.67    493.09    561.46    532.96    607.35    433.63    336.70
      1.31      1.99      3.43      6.00     17.77     62.52     52.90     32.72     52.90    192.05    591.62    711.71    711.71    711.71    711.71    750.67    750.67    711.71    730.91
      1.31      2.22      7.89     48.73     71.03     62.52    141.61    244.30    381.85    607.35    711.71    711.71    711.71    771.00    858.44    906.11    906.11    858.44    813.46
      1.31      2.22      7.89     48.73    192.05    297.30    304.76    401.71    640.18    791.92    750.67    711.71    750.67    813.46    858.44    906.11    906.11    858.44    835.63
      1.31      2.22      7.89     48.73    250.32    519.30    591.62    693.06    750.67    791.92    771.00    750.67    791.92    835.63    835.63    858.44    881.93    881.93    881.93
      1.31      4.20     48.73    201.44    412.06    519.30    591.62    711.71    750.67    750.67    750.67    813.46    881.93    881.93    881.93    881.93    881.93    881.93    881.93
      1.77      7.89     48.73    201.44    412.06    591.62    674.93    711.71    750.67    771.00    791.92    835.63    906.11    931.00    931.00    931.00    906.11    858.44    835.63
      1.77      7.89     74.15    412.06    519.30    607.35    693.06    674.93    711.71    771.00    835.63    881.93    881.93    906.11    931.00    931.00    881.93    835.63    835.63
      1.77      7.89     74.15    328.39    444.87    657.30    674.93    657.30    730.91    813.46    858.44    881.93    858.44    858.44    906.11    931.00    881.93    835.63    858.44
      2.22      7.77     34.68    159.04    519.30    640.18    657.30    640.18    657.30    730.91    813.46    858.44    881.93    881.93    906.11    931.00    858.44    813.46    858.44
      2.22      7.77     47.74    232.72    532.96    640.18    640.18    640.18    657.30    730.91    813.46    858.44    881.93    881.93    881.93    881.93    858.44    858.44    881.93
      1.53      4.15     47.74    256.50    547.01    576.33    623.53    640.18    657.30    730.91    791.92    835.63    906.11    931.00    931.00    881.93    881.93    931.00    931.00
      2.90     11.83     47.74    126.25    256.50    547.01    547.01    591.62    640.18    693.06    771.00    813.46    835.63    835.63    835.63    813.46    791.92    835.63    906.11
      2.90     11.83     30.29     75.76    126.25    244.30    363.05    372.32    576.33    640.18    693.06    657.30    591.62    607.35    640.18    640.18    623.53    640.18    412.06
      2.90     10.08     25.08     46.78     75.76    115.28    166.67    107.75     94.27     55.14     41.44    105.36    232.72    178.87    105.36     63.86     16.01     10.40     11.64
      2.90     10.08     25.08     43.14     17.46     26.52     26.52      6.91      8.12     10.24      7.43      8.37     11.27     11.27     12.64     12.03     10.24     15.47     15.73
      2.90     10.08     14.20     11.64      9.04      6.91      5.68      7.01      8.76     10.74     13.28     12.23     12.85     36.79     51.82     57.49    238.43    290.03    336.70
      2.37      7.43     14.20     11.64      9.04      8.50      6.91      7.01     13.06     66.62    297.30    183.15    170.63    372.32    591.62    750.67    791.92    835.63    858.44
      2.37      5.52      7.89      8.50      8.50      8.50     11.83     43.14    206.31    422.69    591.62    693.06    730.91    771.00    791.92    791.92    791.92    835.63    858.44
      2.37      5.52      7.89      8.50      8.50     15.47     59.94    244.30    547.01    674.93    771.00    791.92    813.46    858.44    881.93    881.93    881.93    881.93    881.93
      2.37      5.52      7.89      8.50     15.47     59.94    244.30    547.01    730.91    881.93    881.93    858.44    858.44    881.93    881.93    881.93    881.93    881.93    881.93
      2.37      4.42      4.84      6.53     15.47     59.94    256.50    693.06    881.93    881.93    881.93    881.93    881.93    881.93    881.93    881.93    881.93    881.93    881.93
      1.99      3.51      4.84      6.53     24.16    151.80    391.64    693.06    881.93    881.93    881.93    906.11    906.11    906.11    931.00    931.00    931.00    906.11    858.44
      1.99      3.51      4.84      6.81     25.55     86.32    159.04    468.31    750.67    791.92    858.44    906.11    906.11    906.11    906.11    906.11    931.00    881.93    835.63
      1.99      3.51      4.84      5.10      6.81     26.03    187.54    561.46    750.67    791.92    858.44    881.93    881.93    881.93    881.93    906.11    931.00    906.11    858.44
      2.12      2.35      2.93      5.60      8.00     30.88    232.72    493.09    657.30    750.67    750.67    791.92    835.63    835.63    835.63    858.44    881.93    881.93    881.93
      2.12      2.35      2.93      5.60     10.57     16.86     65.22    456.43    693.06    750.67    730.91    730.91    791.92    835.63    835.63    835.63    835.63    835.63    835.63
      1.69      1.85      2.93      5.60      6.91     18.41    151.80    422.69    519.30    674.93    711.71    711.71    711.71    750.67    791.92    791.92    791.92    791.92    813.46
      1.69      1.85      2.93      4.20      5.10      6.91     20.87    183.15    444.87    493.09    561.46    576.33    576.33    657.30    750.67    750.67    750.67    771.00    791.92
      1.69      1.85      1.94      2.59      3.72      5.68      9.62     25.55    183.15    412.06    433.63    433.63    456.43    547.01    623.53    693.06    674.93    674.93    607.35
      1.53      1.53      1.60      1.86      2.51      2.67      4.00      5.68     10.08     35.37     71.03    166.67    250.32    290.03    290.03    250.32     57.49     77.42    328.39
      1.53      1.53      1.60      1.53      1.29      1.56      1.79      1.43      1.43      1.54      3.77      8.00      2.70      3.55      4.37      2.84      1.77      1.19      3.39
      1.53      1.53      1.15      1.03      1.11      1.20      1.13      1.12      1.12      1.10      1.08      1.08      1.07      1.06      1.06      1.03      1.00      1.00      1.00
      1.40      1.40      1.15      1.03      1.02      1.05      1.11      1.11      1.11      1.14      1.17      1.11      1.06      1.06      1.06      1.06      1.03      1.00      1.00
      1.40      1.14      1.02      1.02      1.02      1.05      1.12      1.24      1.58      1.89      2.84      7.11     18.41     34.01      9.92      3.28      2.35      1.86      1.86
      1.40      1.14      1.02      1.02      1.02      1.12      1.41      3.20     22.86     82.63    123.40    170.63    232.72    256.50    256.50    304.76    363.05    354.03    345.25
      4.13      5.66      8.47     21.10    110.70    454.67    633.46    725.09    725.09    677.61    554.19    386.47    255.88    212.59    299.33    554.19    750.17    803.15    831.14
      4.13     13.82     90.74    233.14    318.91    454.67    655.14    776.17    750.17    677.61    536.09    329.21    240.47    263.99    454.67    776.17    860.18    890.31    890.31
      4.33     14.74     90.74    233.14    425.94    725.09    776.17    776.17    776.17    655.14    554.19    374.20    248.04    240.47    440.05    860.18    890.31    890.31    860.18
      4.33     14.74    104.54    425.94    677.61    725.09    776.17    776.17    776.17    776.17    612.56    350.93    255.88    386.47    725.09    890.31    890.31    860.18    831.14
      4.33     14.74    104.54    272.37    425.94    725.09    776.17    803.15    803.15    776.17    485.51    308.95    308.95    412.32    700.92    890.31    890.31    860.18    831.14
      5.66     13.24     78.94    350.93    655.14    725.09    776.17    776.17    803.15    831.14    655.14    399.17    374.20    454.67    612.56    860.18    890.31    890.31    890.31
      5.66     13.24     85.80    386.47    677.61    725.09    750.17    803.15    831.14    750.17    677.61    501.77    374.20    469.82    592.40    677.61    803.15    860.18    890.31
      5.37     12.43     85.80    386.47    633.46    677.61    750.17    776.17    803.15    750.17    677.61    655.14    485.51    374.20    374.20    501.77    677.61    677.61    700.92
      5.66     13.24     85.80    194.01    272.37    485.51    592.40    776.17    750.17    677.61    677.61    677.61    440.05    272.37    255.88    350.93    501.77    592.40    700.92
      5.66     13.24     34.08     70.73    113.93    171.94    299.33    374.20    633.46    655.14    655.14    655.14    518.62    425.94    263.99    157.20    148.14    148.14     83.44
      4.62      5.37      4.85      4.85     16.82     40.64     65.19    226.06    318.91    440.05    440.05    485.51    485.51    299.33    157.20    113.93     81.16     55.51     58.55
      4.62      5.37      4.85      3.70      2.68      6.18      9.16      4.47     11.44     26.70     55.51    101.61     58.55     70.73    110.70    148.14    248.04    425.94    318.91
      4.62      5.37      4.85      3.70      2.68      2.14      1.88      2.75      4.77      6.89      9.34     10.32     22.10     61.77    188.21    518.62    633.46    700.92    725.09
      4.62      5.37      4.85      3.70      2.68      2.14      1.88      2.71      4.33      4.77      7.42     16.45     70.73    339.88    612.56    725.09    750.17    803.15    831.14
      4.62      8.47     16.09     17.99      5.46      2.14      1.88      2.71      4.69      6.29     11.20     37.67    171.94    469.82    725.09    803.15    831.14    831.14    831.14
      4.62      8.47     16.09     17.99     15.40      8.64      5.19      5.37      6.52      9.53     14.12     30.88    139.66    485.51    677.61    725.09    803.15    831.14    750.17
      4.62      8.47     16.09     17.99     61.77    329.21    127.92     39.62     29.41     22.10     22.10     35.82    117.26    454.67    592.40    655.14    750.17    803.15    803.15
      4.62     23.71    171.94    263.99    329.21    329.21    399.17    440.05    248.04    110.70     55.51     34.08     20.15     42.77    281.05    612.56    725.09    750.17    750.17
     10.97     78.94    171.94    263.99    454.67    592.40    518.62    554.19    554.19    272.37    157.20    157.20     37.67     11.44     12.69     47.42    281.05    299.33    171.94
     10.97     78.94    290.03    633.46    633.46    677.61    677.61    655.14    677.61    677.61    677.61    572.95    107.57     29.41     28.01     33.24     48.68     57.01     21.10
     10.97     78.94    290.03    633.46    677.61    725.09    750.17    776.17    725.09    677.61    677.61    677.61    677.61    655.14    612.56    171.94     28.70     11.67      5.02
     18.82    101.61    386.47    700.92    750.17    750.17    776.17    776.17    725.09    677.61    677.61    677.61    677.61    677.61    677.61    677.61    469.82    148.14     20.15
     18.82    101.61    412.32    750.17    776.17    776.17    776.17    776.17    725.09    677.61    677.61    677.61    725.09    750.17    725.09    700.92    572.95    248.04    101.61
      8.64     37.67    412.32    750.17    776.17    776.17    776.17    776.17    776.17    776.17    776.17    803.15    831.14    831.14    831.14    831.14    725.09    633.46    554.19
     18.82    101.61    412.32    750.17    776.17    776.17    776.17    776.17    776.17    776.17    803.15    831.14    831.14    831.14    831.14    831.14    831.14    725.09    612.56
     18.82    101.61    386.47    700.92    776.17    776.17    776.17    776.17    776.17    776.17    776.17    803.15    831.14    831.14    831.14    831.14    831.14    776.17    725.09
     10.97    101.61    412.32    725.09    750.17    750.17    750.17    776.17    776.17    776.17    776.17    776.17    776.17    750.17    776.17    831.14    831.14    776.17    750.17
     10.97    101.61    412.32    700.92    677.61    700.92    725.09    725.09    750.17    803.15    803.15    776.17    776.17    750.17    750.17    803.15    831.14    831.14    803.15
     10.97    101.61    329.21    469.82    572.95    677.61    700.92    750.17    803.15    831.14    831.14    803.15    776.17    776.17    776.17    776.17    776.17    776.17    776.17
      5.46     37.67    329.21    469.82    554.19    633.46    677.61    725.09    725.09    750.17    776.17    776.17    776.17    776.17    776.17    776.17    776.17    776.17    776.17
      5.46      9.16     33.24    240.47    501.77    633.46    655.14    677.61    677.61    677.61    725.09    776.17    776.17    803.15    803.15    803.15    803.15    776.17    750.17
      5.46      9.16     33.24    240.47    425.94    485.51    572.95    633.46    633.46    655.14    677.61    725.09    803.15    831.14    831.14    831.14    803.15    750.17    725.09
      5.46      9.16     33.24    240.47    290.03    290.03    454.67    554.19    612.56    655.14    677.61    700.92    776.17    831.14    803.15    776.17    776.17    776.17    776.17
      5.46      2.94      2.51     22.10    166.86    290.03    131.71     60.13    166.86    501.77    655.14    655.14    655.14    677.61    725.09    776.17    776.17    750.17    750.17
      1.58      1.18      2.51     22.10     26.70      9.34     23.16     24.85     30.13    166.86    399.17    386.47    440.05    572.95    633.46    677.61    725.09    725.09    725.09
      1.58      1.18      1.45      1.59      3.24      3.24      2.07      2.68      2.30      3.65      8.98     26.07    182.61    412.32    501.77    554.19    612.56    677.61    677.61
      1.58      1.18      1.45      1.45      1.45      1.59      1.50      1.30      1.27      1.48      1.92      1.96      2.00      4.77     17.59     45.03    200.00    362.36    425.94
      1.05      1.05      1.05      1.06      1.22      1.59      1.50      1.30      1.38      1.47      1.65      1.88      1.88      1.88      1.73      1.80      1.63      1.36      2.78
      1.05      1.05      1.04      1.05      1.30      1.77      2.75      8.00      3.54      1.90      5.46      6.64      3.54      2.27      1.61      1.20      1.03      1.04      1.30
      1.06      1.05      1.04      1.16      1.45      3.15     35.82    157.20    157.20    120.70     93.33     93.33     93.33     72.69     57.01     26.07     12.96     12.96     14.74
      1.05      1.05      1.04      1.05      2.27     10.54     36.73    281.05    554.19    655.14    518.62    501.77    572.95    454.67    399.17    386.47    454.67    554.19    501.77
      1.05      1.05      1.05      1.06      2.27     36.73    308.95    592.40    612.56    655.14    677.61    700.92    725.09    725.09    633.46    592.40    677.61    725.09    725.09
      1.22      1.05      1.24      1.61      3.44     34.94    290.03    612.56    700.92    803.15    831.14    831.14    776.17    725.09    725.09    725.09    725.09    725.09    700.92
      1.22      1.05      1.24      3.44     34.94    148.14    308.95    677.61    725.09    803.15    831.14    831.14    776.17    725.09    725.09    725.09    725.09    700.92    700.92
      1.22      1.05      1.41      5.56     46.21    308.95    750.17    831.14    831.14    831.14    831.14    831.14    831.14    776.17    677.61    633.46    612.56    592.40    572.95
      1.24      1.06      1.41      5.56     68.82    501.77    750.17    860.18    890.31    860.18    803.15    750.17    725.09    725.09    677.61    592.40    554.19    399.17    318.91
      1.24      1.24      2.30     12.96    152.60    501.77    776.17    890.31    890.31    831.14    776.17    803.15    831.14    776.17    700.92    554.19    240.47     66.98     66.98
      1.24      1.24      2.30     12.96    161.95    536.09    700.92    803.15    890.31    860.18    803.15    803.15    831.14    776.17    700.92    501.77    148.14     63.45     66.98
      1.24      1.24      2.30     12.96    171.94    485.51    572.95    750.17    831.14    831.14    831.14    831.14    831.14    831.14    750.17    501.77    233.14    143.83    200.00
      1.24      1.29      2.48     13.24    177.19    485.51    572.95    700.92    776.17    831.14    831.14    831.14    831.14    750.17    633.46    501.77    248.04    148.14    182.61
      1.58      1.67      2.48     13.24    177.19    485.51    572.95    725.09    803.15    831.14    831.14    831.14    831.14    776.17    655.14    501.77    248.04     65.19     30.88
      1.58      1.67      1.96      9.34    194.01    485.51    536.09    633.46    725.09    750.17    750.17    803.15    831.14    776.17    677.61    536.09    248.04     37.67     37.67
      1.58      1.67      1.96      2.19     11.20    255.88    572.95    700.92    750.17    776.17    776.17    776.17    776.17    776.17    776.17    725.09    655.14    518.62    272.37
      1.73      1.67      1.77      1.96     11.20    240.47    536.09    677.61    725.09    776.17    750.17    750.17    750.17    725.09    750.17    776.17    750.17    677.61    454.67
      1.73      1.67      1.77      1.96     12.69    200.00    308.95    612.56    776.17    776.17    776.17    750.17    700.92    700.92    725.09    725.09    725.09    700.92    677.61
      1.92      1.84      1.77      1.96      2.19     12.69    329.21    554.19    655.14    803.15    831.14    803.15    750.17    725.09    725.09    700.92    677.61    677.61    677.61
      1.94      1.86      1.77      1.77      2.27      3.06     13.53    240.47    554.19    655.14    776.17    776.17    776.17    750.17    725.09    725.09    700.92    677.61    677.61
      1.94      1.86      1.77      1.77      1.46      1.84      4.00     19.25    240.47    536.09    572.95    592.40    592.40    633.46    677.61    725.09    677.61    374.20    226.06
      2.48      1.96      1.80      1.67      1.43      1.23      2.07      5.02     18.40     76.79    166.86    518.62    554.19    572.95    572.95    554.19    412.32    299.33    290.03
      2.48      1.96      1.80      1.43      1.23      1.21      1.62      2.48      2.75      4.62     19.25     60.13     43.89     68.82     60.13     81.16    308.95    318.91    440.05
      2.48      1.96      1.96      2.03      1.52      1.62      2.75      2.75      3.15      5.75      8.31      8.81      9.34      8.31      5.37      3.65      2.75      8.81     83.44
      4.13      3.06      1.96      2.03      2.27      2.75      3.06      3.54      5.75     20.15     78.94     28.70      8.31      5.37      3.88      3.88      4.00      7.42     20.15
      4.13      5.66      8.47     21.10      7.70      2.75     12.43    107.57    188.21    318.91    374.20    339.88    171.94     98.76     98.76    148.14    263.99    386.47    518.62
      4.13      5.66      8.47     21.10     43.89     96.00    212.59    350.93    536.09    554.19    501.77    374.20    233.14    177.19    206.19    362.36    633.46    750.17    776.17
