    526.00    662.00    814.00    378.00    188.00    916.00    938.00    904.00    980.00   1086.00    942.00    770.00    674.00    332.00    388.00    938.00   1002.00    958.00    908.00
    748.00    748.00    704.00   1090.00    952.00     64.00     64.00     10.00      8.00      8.00      6.00      2.00      2.00      6.00     22.00     22.00    118.00    150.00    936.00
    216.00    240.00     60.00     98.00    182.00     24.00     90.00    144.00     46.00     48.00    132.00    132.00     48.00     80.00    156.00     92.00    256.00    438.00    422.00
    122.00     40.00     14.00     10.00      4.00     14.00      8.00      8.00      2.00      4.00      0.00      2.00      8.00     12.00     12.00     12.00     54.00     78.00    110.00
    442.00   1086.00   1134.00    260.00    164.00     44.00     44.00      8.00     14.00     34.00     32.00     42.00     38.00     36.00     40.00     40.00     20.00      2.00     76.00
    796.00    744.00    114.00     52.00     52.00     18.00     26.00     16.00     24.00      8.00     22.00     70.00     70.00     72.00     34.00     40.00     22.00     22.00      4.00
    102.00    544.00   1054.00    578.00    298.00    214.00    154.00     34.00     38.00     44.00     36.00     30.00     18.00     18.00     18.00     26.00     24.00     10.00     34.00
     96.00      2.00    158.00    318.00    534.00    524.00    292.00    322.00     98.00     18.00      8.00      6.00      8.00      2.00      0.00      0.00      0.00      0.00      0.00
    148.00    284.00    400.00    232.00    268.00     72.00    158.00    718.00    418.00    474.00    636.00    474.00   1192.00   1192.00   1192.00   1072.00   1104.00   1130.00   1150.00
    376.00    466.00    350.00    216.00    160.00    140.00     40.00    140.00    220.00    308.00    286.00    158.00     74.00     30.00     14.00     16.00      2.00      0.00      0.00
     74.00     60.00     54.00     44.00     26.00      2.00      0.00      0.00      4.00      6.00      2.00      0.00      0.00      0.00      0.00      0.00      0.00      0.00      0.00
    758.00    728.00    962.00   1032.00   1114.00   1008.00   1040.00   1142.00   1010.00    528.00    188.00    888.00   1208.00   1162.00   1022.00   1164.00   1120.00   1048.00    938.00
    996.00    290.00    138.00   1138.00    934.00    324.00    140.00    138.00     80.00     48.00     16.00     10.00     24.00     16.00     16.00     12.00     14.00     20.00     16.00
    300.00    334.00   1142.00    710.00    222.00     38.00     38.00      2.00    168.00    716.00    718.00    538.00   1180.00    270.00     28.00     28.00      4.00      4.00     10.00
     30.00     20.00     72.00     58.00     58.00     50.00    136.00    134.00    174.00    262.00    150.00    132.00    132.00     84.00     84.00    150.00    220.00    162.00    154.00
    602.00    506.00    206.00    226.00    226.00    116.00     20.00     42.00     20.00     50.00     38.00     28.00     28.00     52.00     72.00     26.00     62.00     44.00     52.00
    388.00    436.00    324.00    112.00    684.00   1268.00    916.00    538.00    170.00     72.00     62.00     44.00     48.00     32.00     14.00      8.00      2.00     10.00     12.00
    152.00    152.00    288.00    462.00    254.00    254.00     36.00     14.00     14.00      0.00      2.00      2.00      4.00      2.00      2.00      2.00      4.00      6.00      6.00
    262.00    134.00    200.00    276.00    178.00    212.00    106.00     60.00     42.00     30.00     18.00     18.00     20.00     20.00     20.00     62.00     30.00     20.00     20.00
    482.00    520.00    272.00     54.00     54.00     34.00    136.00     90.00     76.00     36.00      6.00     38.00     38.00     62.00     30.00     48.00     28.00     58.00     10.00
    442.00    264.00    892.00    406.00    106.00     44.00     36.00     74.00     56.00     26.00     28.00     64.00     32.00     66.00     96.00     40.00     36.00     66.00     62.00
    176.00     74.00     98.00    346.00    570.00    622.00    660.00    382.00    620.00    500.00    118.00     54.00     24.00     12.00     12.00      0.00      0.00      0.00      0.00
    610.00    520.00    166.00     56.00     46.00    116.00    116.00    114.00    104.00     34.00     42.00     54.00     18.00     28.00     32.00     32.00     12.00     36.00     44.00
    122.00     66.00     48.00     12.00      8.00      4.00      4.00      0.00      0.00      0.00      0.00      0.00      2.00      6.00      2.00      2.00      4.00      4.00      2.00
    740.00    358.00    270.00    244.00    242.00    806.00    572.00    682.00    696.00    674.00    714.00    476.00    230.00    132.00     50.00     14.00     12.00      6.00      6.00
    664.00      0.00    644.00   1240.00    742.00    130.00     46.00     28.00     26.00     10.00      4.00      4.00      4.00     12.00     10.00      4.00      6.00     10.00     16.00
     52.00    670.00    464.00    142.00     42.00     60.00     60.00     88.00     54.00     38.00     28.00     40.00     40.00     14.00     34.00     34.00    594.00    926.00    546.00
    996.00    290.00    644.00   1062.00    498.00    122.00     62.00     18.00     18.00     20.00     22.00     12.00     10.00     16.00     14.00      6.00      8.00      8.00     10.00
    344.00    348.00     42.00      6.00      6.00     24.00     26.00     32.00     44.00    128.00     20.00     92.00     92.00     30.00     50.00     58.00     48.00     20.00      6.00
    400.00    314.00    274.00    234.00    242.00     92.00     64.00     40.00     32.00     42.00     26.00     26.00      8.00      8.00      6.00      8.00      4.00      2.00      2.00
    398.00    498.00    382.00     16.00     10.00     32.00     18.00      8.00     48.00     56.00     20.00     68.00     30.00     32.00     32.00     10.00     24.00     36.00     52.00
    656.00    316.00    290.00    286.00    472.00    712.00    960.00    770.00    658.00    256.00    484.00    136.00      4.00     44.00     30.00     52.00     42.00     44.00     66.00
    380.00    470.00    204.00     34.00      8.00     32.00     54.00     60.00     16.00     32.00     40.00     68.00     64.00     34.00     50.00     80.00     92.00     34.00     62.00
     84.00    290.00    358.00    654.00    654.00    206.00    214.00     66.00    114.00     50.00     80.00     26.00     26.00      4.00      6.00      0.00      0.00      0.00      0.00
    610.00    236.00    166.00     78.00     18.00     16.00     46.00     90.00     16.00     26.00     14.00     36.00     14.00     20.00     20.00     10.00     14.00     20.00     24.00
    442.00    670.00    650.00    110.00     46.00     14.00     44.00     32.00     56.00     18.00      6.00      6.00     32.00     64.00     26.00    100.00    114.00     46.00     86.00
    158.00    492.00    204.00    168.00    294.00    330.00    332.00    104.00     18.00     36.00     38.00     38.00     62.00     24.00     66.00     50.00     34.00     44.00     28.00
    370.00    190.00    158.00    122.00     32.00     14.00     10.00     22.00      6.00      2.00      4.00      4.00     20.00     52.00     76.00     46.00     18.00     12.00     92.00
    170.00    204.00    224.00    576.00    458.00    296.00    204.00    328.00     24.00     40.00     94.00     94.00     30.00     56.00     52.00    118.00     92.00     20.00     22.00
     74.00     82.00     44.00     16.00      4.00      4.00      2.00      2.00      6.00      4.00      4.00      4.00      4.00      2.00      0.00      0.00      0.00      0.00      0.00
    130.00    118.00     48.00      2.00      2.00      6.00      6.00      0.00      0.00      0.00      0.00      0.00      0.00      0.00      0.00      0.00      0.00      0.00      0.00
    226.00    226.00    384.00     74.00     42.00     42.00     20.00    438.00    438.00    742.00    206.00    206.00    720.00    306.00     36.00     36.00     52.00     56.00     56.00
    344.00    540.00    130.00     70.00     56.00     78.00     60.00     46.00     66.00     50.00     86.00     38.00     42.00     66.00     40.00     52.00     16.00     22.00     36.00
    370.00    152.00     72.00    170.00    124.00     20.00     12.00     28.00     32.00      8.00     16.00      8.00     10.00     14.00     14.00     24.00     22.00     32.00     24.00
    170.00    218.00     72.00    584.00    594.00    270.00    248.00    168.00     78.00    102.00     80.00     64.00     92.00     66.00    106.00     38.00     84.00     28.00      4.00
    338.00    338.00     90.00    136.00    102.00    102.00     14.00     14.00     14.00     14.00     20.00     20.00      6.00      4.00     12.00     12.00      8.00      0.00      0.00
     96.00     74.00    440.00    566.00    264.00    110.00     36.00     12.00     12.00      6.00      2.00      2.00      0.00      0.00      2.00      0.00      0.00      0.00      0.00
    334.00    182.00     90.00     52.00     24.00     22.00     22.00      4.00      4.00      2.00     12.00     10.00     10.00      2.00      4.00      4.00     16.00     14.00     16.00
    176.00    418.00    390.00    140.00     64.00    150.00    258.00    198.00    436.00    184.00     50.00    464.00    836.00    124.00    720.00    420.00     88.00    132.00     62.00
    350.00    498.00     50.00     42.00     52.00     60.00     22.00     26.00     38.00     52.00     44.00     58.00     28.00     24.00     28.00     22.00     16.00     36.00     46.00
    126.00     78.00     12.00      6.00      2.00      0.00      0.00      0.00      0.00      0.00      0.00      0.00      0.00      0.00      0.00      0.00      0.00      0.00      4.00
    442.00    264.00    892.00    406.00    106.00     38.00     14.00     40.00     22.00     52.00     42.00     34.00     18.00     70.00     70.00     50.00     36.00     44.00     68.00
     30.00    100.00    180.00    184.00     60.00     68.00    104.00    178.00    116.00     46.00     22.00     14.00     12.00      8.00      6.00     10.00      8.00      4.00      0.00
    888.00    888.00    164.00     14.00     32.00     32.00     16.00     28.00     28.00     22.00     32.00     32.00     24.00     54.00     64.00     64.00     22.00     40.00     40.00
    188.00    234.00    352.00    212.00    256.00    254.00     90.00     60.00    174.00    234.00    264.00    206.00     52.00    166.00    112.00    366.00    168.00    216.00    178.00
    856.00   1016.00    904.00    148.00     62.00     10.00     10.00      8.00     14.00      8.00     14.00     14.00     14.00     16.00     12.00     12.00     10.00      6.00      6.00
    130.00    226.00    238.00    374.00    374.00    494.00    268.00    404.00    152.00    250.00    102.00     74.00     74.00    154.00    108.00     86.00     94.00    352.00    188.00
     54.00    206.00    240.00    472.00    164.00    210.00    180.00    220.00    324.00    160.00     70.00     22.00     36.00     26.00     16.00     40.00    144.00    118.00    100.00
    552.00    628.00   1060.00   1110.00    774.00   1042.00    688.00    276.00     44.00     30.00     56.00     60.00     36.00     18.00     42.00     62.00     22.00     40.00     38.00
    190.00    280.00    262.00    192.00    192.00     30.00      8.00      8.00      8.00      4.00      6.00      8.00      8.00      4.00      0.00      4.00      6.00     14.00     12.00
    740.00    914.00    882.00    874.00    872.00    870.00    470.00    366.00    626.00    732.00    672.00    672.00     64.00     24.00     28.00     16.00     12.00      8.00      8.00
    434.00    434.00    684.00    614.00     84.00     84.00    286.00    126.00    126.00    258.00     36.00     36.00    236.00    332.00    122.00    122.00     40.00     54.00     54.00
    188.00    374.00    388.00    144.00     68.00     28.00     16.00      2.00      0.00      0.00      0.00      0.00      0.00      0.00      0.00      0.00      0.00      0.00      2.00
    704.00    704.00    638.00    422.00    650.00    650.00   1048.00    716.00    716.00    564.00    406.00    406.00    550.00    280.00    396.00    396.00    500.00    476.00    476.00
    796.00    498.00     56.00      6.00     62.00     22.00     54.00     80.00     34.00     58.00     20.00     26.00     40.00     18.00     18.00     52.00     74.00     30.00     30.00
    330.00    394.00    226.00    180.00    224.00    208.00    172.00     64.00     38.00     14.00      4.00      0.00      6.00      6.00      4.00      4.00      6.00      4.00      4.00
    130.00    284.00     50.00    126.00    126.00     72.00    764.00    718.00   1292.00   1286.00    946.00   1050.00   1050.00   1104.00    562.00    552.00    182.00     76.00     72.00
    242.00    592.00    642.00    508.00    120.00     26.00      6.00      6.00      2.00      0.00      0.00      4.00      6.00      4.00      4.00      4.00      4.00      6.00      2.00
    152.00    152.00    230.00    206.00    156.00    156.00     26.00      0.00      0.00      6.00      2.00      2.00      0.00      0.00      0.00      0.00      0.00      0.00      0.00
    924.00    748.00    626.00   1310.00   1310.00    520.00    150.00     12.00      4.00     16.00     12.00      4.00      4.00      4.00     18.00     24.00     12.00     14.00    198.00
     86.00    528.00    916.00    418.00    418.00     36.00     16.00      2.00      0.00      0.00      0.00      0.00      0.00      0.00      0.00      4.00     36.00    198.00    316.00
    342.00    294.00    162.00    130.00    120.00    140.00     30.00    148.00    318.00    294.00    348.00    348.00    356.00    266.00    176.00     14.00     12.00     12.00      6.00
    904.00    126.00    674.00    778.00    394.00     78.00     54.00     32.00     46.00     10.00      2.00     14.00     10.00      4.00     10.00     10.00      6.00      8.00     18.00
    196.00    292.00    274.00    300.00    670.00    228.00    292.00    346.00     80.00     84.00     90.00     90.00     24.00     18.00     16.00     12.00     16.00     12.00      8.00
     96.00    160.00    158.00     78.00     78.00     80.00    214.00    192.00    500.00    436.00    526.00    494.00    494.00    360.00    476.00    434.00    482.00    304.00    430.00
    160.00    112.00    196.00    186.00     64.00     12.00      2.00      0.00      0.00      0.00      0.00      0.00      0.00      0.00      4.00      4.00      0.00      0.00      0.00
    122.00    234.00    176.00    218.00    238.00    240.00    240.00    190.00    174.00    258.00     62.00     20.00     36.00     30.00      6.00      6.00      2.00      6.00      0.00
    330.00    210.00    226.00    280.00    280.00    154.00     64.00     12.00      2.00      0.00      0.00      0.00      0.00      0.00      2.00      4.00      4.00      6.00      0.00
     30.00     20.00     72.00     58.00    140.00    178.00    136.00    180.00     72.00    154.00    184.00     34.00    176.00    216.00    152.00     70.00     58.00     18.00      4.00
    526.00    662.00    814.00    378.00    188.00    230.00    310.00    364.00    526.00    796.00    964.00    980.00    900.00    838.00    972.00    950.00    772.00    720.00    682.00
    130.00    118.00     48.00     14.00      2.00      6.00      2.00      2.00      0.00      0.00      0.00      0.00      0.00      0.00      0.00      0.00      0.00      0.00      0.00
    158.00    292.00    204.00    168.00    294.00    280.00    242.00    104.00      4.00     20.00     26.00     26.00     64.00     30.00     42.00     14.00     28.00     26.00     32.00
     98.00     36.00    116.00    154.00     66.00      4.00      4.00      0.00      4.00      6.00      4.00      4.00      0.00      0.00      0.00      0.00      2.00      2.00      0.00
    274.00    248.00    202.00    144.00     96.00    354.00    734.00    918.00    858.00    842.00    742.00    624.00    584.00    600.00    564.00    658.00    728.00    714.00    710.00
      0.00    644.00   1110.00    920.00    212.00     58.00    118.00     58.00     16.00     16.00     16.00     18.00     16.00     32.00    126.00    262.00   1266.00   1036.00     20.00
    122.00    122.00    198.00    284.00    480.00    480.00    484.00    216.00    216.00     56.00     40.00     40.00     18.00     10.00      8.00      8.00      8.00     10.00     10.00
    216.00    270.00    250.00    282.00    282.00    314.00     98.00    110.00     62.00    302.00    370.00    334.00    334.00    322.00    316.00    460.00    424.00    374.00    224.00
    122.00     66.00     48.00     18.00      8.00      6.00      0.00      0.00      0.00      0.00      0.00      0.00      2.00      6.00      6.00      6.00      4.00      4.00      4.00
    122.00    162.00    198.00    366.00    398.00    246.00    118.00     24.00     40.00     30.00     20.00     18.00      4.00      0.00      0.00      0.00      0.00      0.00      0.00
     48.00     48.00    304.00   1258.00    272.00    272.00     84.00    380.00    380.00    324.00    458.00    458.00     86.00      2.00      6.00      6.00      0.00     30.00     30.00
     86.00     58.00    136.00     38.00    276.00    704.00    188.00    500.00    740.00    544.00   1004.00    900.00    986.00    746.00    842.00    482.00    474.00    162.00    264.00
    126.00     78.00      6.00      6.00      4.00      0.00      0.00      0.00      0.00      0.00      0.00      0.00      0.00      0.00      2.00      0.00      2.00      2.00      0.00
    176.00    410.00    390.00    126.00     10.00    120.00     98.00    390.00    144.00    466.00    190.00     50.00     56.00    302.00    582.00    298.00    310.00    244.00    152.00
    274.00    274.00    270.00    290.00    316.00    424.00    772.00    972.00    276.00    288.00    228.00    228.00     44.00     28.00     16.00      6.00      8.00      6.00      2.00
    758.00    186.00    276.00    120.00    120.00     50.00     60.00     40.00     48.00     38.00     60.00     44.00     44.00     42.00     86.00     76.00     44.00     60.00     18.00
    468.00    618.00    376.00    182.00     92.00     14.00     10.00     12.00     34.00     36.00     38.00     38.00     38.00     52.00     76.00     24.00     26.00    116.00     54.00
    316.00    294.00    190.00    440.00    424.00    252.00    252.00     64.00     16.00     14.00      8.00      0.00      4.00      4.00      6.00      6.00      0.00      6.00      2.00
    438.00    470.00     96.00     56.00      6.00     10.00     26.00     20.00      8.00     18.00     18.00      4.00     18.00     10.00     10.00     86.00    514.00   1184.00    562.00
    380.00    376.00    468.00    428.00    428.00    130.00     40.00     20.00     38.00     58.00     96.00     92.00     92.00     36.00     46.00    406.00    454.00    220.00    422.00
     40.00     40.00    138.00    122.00    176.00    142.00     88.00    128.00    168.00    168.00    124.00    126.00     12.00    144.00    156.00    178.00    192.00     72.00     16.00
    330.00    210.00    226.00    280.00    198.00    110.00     64.00     40.00     20.00      0.00      0.00      0.00      2.00      6.00      6.00      2.00      6.00      4.00      4.00
    442.00    264.00    650.00    110.00     46.00     44.00     36.00     32.00     20.00     44.00     20.00     68.00     84.00     32.00     58.00     50.00     74.00     38.00     10.00
    182.00    506.00    486.00    186.00    182.00     34.00     16.00     40.00     36.00     26.00     38.00     38.00     14.00     38.00     38.00     34.00     58.00     32.00     46.00
    176.00     74.00     98.00    136.00    570.00    594.00    594.00    600.00    602.00    500.00    206.00    322.00    102.00     38.00     10.00     10.00      4.00      0.00      0.00
    656.00    316.00    290.00    636.00    672.00    712.00    564.00    188.00    414.00    624.00    364.00    364.00     40.00     40.00     62.00     18.00     38.00     70.00     72.00
    568.00    468.00    182.00     52.00     52.00     26.00     48.00     34.00     54.00    118.00    128.00     18.00     18.00     36.00     36.00    122.00     64.00    106.00    122.00
    330.00    394.00    214.00     46.00    110.00    158.00    196.00    222.00    206.00    178.00     96.00     26.00     10.00      4.00      2.00      0.00      0.00      0.00      0.00
    342.00    422.00    374.00    350.00    304.00    282.00    230.00    158.00    118.00     76.00     40.00     28.00     70.00    162.00    212.00    104.00    262.00    372.00    328.00
    528.00    834.00    352.00    110.00    680.00    804.00    804.00    830.00    844.00    470.00    502.00   1076.00    498.00    408.00    386.00    386.00    416.00    114.00    130.00
    666.00   1184.00    770.00    344.00    164.00    302.00    204.00    130.00     56.00     32.00     20.00      8.00     10.00      2.00      4.00      4.00      6.00      2.00     18.00
    602.00    122.00    228.00    184.00    190.00    136.00    210.00    106.00     68.00     46.00     64.00     58.00     30.00     48.00     82.00     36.00     14.00     44.00     54.00
    176.00    418.00    576.00     78.00     34.00    168.00    482.00     86.00    534.00    254.00    492.00    102.00    668.00     80.00     26.00     22.00     22.00     24.00     28.00
    758.00    810.00    294.00    588.00    188.00     96.00    238.00     94.00     40.00     32.00     18.00     12.00      4.00      6.00      6.00      6.00     14.00     20.00     18.00
    242.00    242.00    642.00    344.00     86.00     86.00     16.00      4.00      4.00      0.00      0.00      0.00      0.00      0.00      0.00      0.00      0.00      0.00      0.00
      4.00      2.00      4.00      4.00      6.00      4.00      0.00      0.00      0.00      0.00      0.00      0.00      0.00      0.00      0.00      0.00      0.00      0.00      0.00
    190.00    264.00    276.00    214.00     32.00      8.00     16.00     12.00      8.00      6.00     22.00     52.00     78.00     66.00     28.00     34.00     34.00     46.00     64.00
    154.00    270.00    556.00    236.00     16.00     88.00     70.00     20.00     46.00     38.00    110.00     98.00     72.00     52.00    110.00     38.00     56.00     64.00     42.00
    468.00    418.00    138.00    436.00    162.00    358.00    596.00    524.00    538.00    614.00    924.00    794.00    928.00    790.00    600.00    926.00    474.00    778.00    862.00
    204.00    592.00    676.00    202.00    202.00     26.00      6.00      6.00      2.00      0.00      4.00      4.00      4.00      6.00      4.00      6.00      2.00      0.00      4.00
    158.00    118.00     42.00     10.00      6.00      4.00      2.00      6.00      2.00      4.00      0.00      0.00      0.00      0.00      0.00      0.00      4.00      6.00      4.00
    138.00    258.00    354.00    240.00    224.00    382.00    534.00    602.00    506.00    256.00     58.00      2.00     18.00     46.00    100.00     78.00     54.00     98.00     30.00
    398.00    398.00    382.00      4.00      8.00      8.00     30.00    102.00    102.00     50.00     16.00     16.00     26.00     24.00    110.00    110.00     28.00     38.00     38.00
    160.00    144.00    250.00    264.00    226.00    136.00    242.00    260.00    250.00    306.00    338.00    234.00    232.00    270.00    244.00    196.00    220.00    196.00    154.00
    552.00    628.00   1060.00   1110.00    774.00    382.00    148.00     46.00     28.00     50.00     34.00     58.00     60.00     38.00     56.00     10.00     48.00     48.00     56.00
    266.00    204.00    122.00     90.00    168.00    188.00    188.00    278.00    332.00    868.00    944.00    438.00    984.00   1148.00   1246.00   1246.00   1204.00    570.00     76.00
    888.00    260.00    164.00     14.00     36.00      8.00      8.00     20.00     16.00     30.00     70.00     30.00     14.00     42.00    104.00    104.00     62.00     44.00     14.00
    442.00    224.00    298.00    824.00    474.00     86.00     24.00     58.00     26.00    264.00    274.00    160.00    240.00    218.00    464.00    340.00    636.00    730.00    932.00
    130.00    136.00    314.00    398.00    398.00    108.00     66.00      4.00     12.00     30.00     34.00    126.00    126.00    224.00    202.00    104.00    106.00     92.00     24.00
    274.00    248.00    270.00    290.00    316.00    550.00    946.00    972.00    870.00    896.00    804.00    652.00    130.00    104.00     98.00     86.00     58.00     12.00      6.00
     10.00     40.00     10.00      8.00     24.00     18.00     18.00      4.00      2.00     12.00     14.00     12.00     20.00     22.00     24.00     24.00     68.00    178.00    138.00
    122.00    140.00    198.00    284.00    270.00    508.00    508.00    508.00    266.00    468.00    208.00     38.00     70.00     46.00     46.00     46.00     52.00    154.00    128.00
    138.00    498.00    514.00     16.00     16.00     64.00     78.00    110.00     58.00     96.00     20.00     88.00     88.00     24.00     40.00     24.00     58.00     28.00     38.00
    434.00    876.00    684.00    634.00     62.00     64.00    400.00    104.00    156.00    248.00    110.00    150.00    182.00     64.00     64.00     70.00     52.00     38.00     76.00
    422.00    380.00    478.00    782.00    718.00    596.00    596.00    438.00    186.00    280.00    402.00    644.00    806.00    210.00     38.00     38.00     84.00     64.00     14.00
    170.00    218.00    224.00    576.00    458.00    216.00    374.00    328.00     34.00     32.00     92.00     48.00     28.00     90.00     58.00     94.00     62.00     46.00     10.00
    704.00    458.00    638.00    288.00    282.00    644.00    452.00    958.00    190.00    242.00    548.00    616.00   1020.00    688.00    688.00    480.00    234.00    208.00    106.00
    104.00    136.00    406.00    468.00    176.00    108.00      0.00      4.00     16.00    116.00    140.00    324.00    308.00    196.00    196.00     38.00     76.00    240.00    232.00
    114.00    114.00     38.00     68.00     76.00     76.00     34.00    150.00    150.00    146.00     76.00     76.00     66.00     22.00      6.00      6.00      2.00      2.00      2.00
    252.00    246.00    508.00    304.00     60.00      4.00      0.00      4.00      4.00      0.00      0.00      0.00      0.00      0.00      2.00      6.00      2.00      2.00      4.00
    750.00    286.00     56.00     24.00     16.00     54.00    208.00    462.00    956.00    572.00    568.00    770.00    684.00    272.00    672.00    776.00    352.00    756.00   1276.00
    146.00    180.00    256.00    260.00    260.00     56.00     40.00      8.00      2.00      6.00      4.00      0.00      0.00      0.00      0.00      0.00      0.00      0.00      0.00
    400.00    746.00    234.00     50.00     30.00     38.00     38.00     66.00     32.00     22.00     46.00     48.00     40.00     60.00     22.00     22.00     76.00     52.00     70.00
    164.00    142.00     94.00     98.00     84.00     52.00     26.00     24.00     48.00     84.00     98.00    136.00    130.00    122.00    132.00    156.00    184.00    208.00    194.00
    216.00    270.00    250.00    218.00    108.00     18.00      8.00      2.00     14.00     24.00     28.00     28.00    224.00    232.00    218.00    402.00    418.00    394.00    316.00
    136.00    410.00    316.00    456.00    174.00     22.00    110.00    432.00    452.00    108.00    582.00    466.00     52.00     32.00     32.00    110.00    390.00    118.00    200.00
    242.00    290.00    642.00    616.00    278.00    206.00     54.00     66.00     12.00      6.00      8.00      2.00      4.00      0.00      0.00      0.00      0.00      0.00      0.00
    218.00    418.00    620.00    414.00    250.00    282.00    196.00    128.00    104.00     92.00    142.00     26.00     24.00     26.00     38.00     56.00     66.00     44.00     30.00
     96.00     74.00    440.00    586.00    330.00    110.00    364.00    136.00     40.00     22.00      8.00      6.00      2.00      0.00      0.00      0.00      0.00      0.00      0.00
    130.00    334.00   1154.00    698.00    206.00     78.00     36.00      6.00     16.00    330.00    748.00    182.00    586.00    698.00    152.00     48.00      4.00      8.00     10.00
    202.00    286.00    262.00     68.00     26.00     10.00      4.00      0.00      2.00      4.00      4.00      2.00      4.00      4.00      2.00      4.00      2.00      0.00      0.00
    104.00    320.00    406.00    286.00     70.00    106.00    106.00    330.00    334.00    150.00    204.00    222.00    248.00    108.00     92.00     92.00     24.00     10.00      2.00
    344.00    274.00     18.00     44.00     62.00     36.00     36.00     62.00     82.00     52.00     34.00     92.00     82.00     36.00     44.00     44.00     34.00     12.00      8.00
    218.00    418.00    364.00    122.00     66.00     12.00      6.00     32.00     22.00     66.00     68.00     60.00     24.00     52.00     42.00     28.00     54.00     26.00     28.00
    190.00    280.00    262.00    202.00     38.00      6.00      6.00      2.00      4.00      2.00      4.00      4.00      2.00      6.00     10.00     14.00     18.00     22.00      8.00
    188.00    498.00    388.00    144.00     68.00     22.00      8.00      2.00      2.00      0.00      0.00      0.00      0.00      0.00      0.00      0.00      0.00      0.00      2.00
     86.00    528.00    916.00    418.00    142.00     38.00     16.00      8.00      2.00      0.00      0.00      0.00      0.00      0.00      4.00     16.00    170.00    346.00    206.00
    666.00    938.00   1188.00   1046.00    704.00   1034.00    930.00    606.00    744.00    238.00     94.00     94.00     96.00     30.00      6.00     10.00     14.00     24.00     78.00
    758.00    700.00    846.00    732.00    732.00   1036.00    768.00     62.00     46.00     38.00     86.00     42.00     42.00     10.00     10.00     12.00     20.00     18.00     14.00
    206.00    224.00    474.00    662.00    662.00    748.00    350.00    730.00    322.00    420.00    120.00    106.00    106.00    172.00    190.00     72.00    274.00    558.00    372.00
     30.00    234.00    180.00     46.00    116.00    128.00     46.00     10.00      2.00      2.00      2.00      2.00      6.00      2.00      0.00      0.00      4.00      4.00      6.00
      0.00    728.00    968.00    332.00    104.00     26.00     16.00      6.00      6.00     10.00     14.00      8.00      2.00      0.00      4.00      4.00      6.00     20.00     28.00
    568.00    516.00   1156.00     76.00    358.00    820.00    404.00    166.00    448.00    732.00    548.00    298.00    646.00    642.00    422.00    134.00     12.00     26.00     24.00
    342.00    422.00    374.00    350.00    304.00    368.00    398.00    324.00    236.00    174.00    130.00    122.00    224.00    300.00    246.00    192.00    172.00    108.00    296.00
   1296.00   1296.00   1302.00   1252.00   1152.00   1152.00   1114.00   1110.00   1110.00   1194.00   1034.00   1034.00    704.00    344.00    352.00    352.00    904.00    848.00    848.00
    342.00    422.00    274.00    312.00    280.00    282.00    230.00     68.00     38.00     20.00     10.00     10.00      4.00      8.00     12.00     24.00     78.00     34.00     86.00
    248.00    160.00    310.00     16.00    110.00     44.00     76.00     78.00     44.00    104.00     34.00    238.00     98.00    226.00    226.00    644.00    766.00    404.00     42.00
     84.00    290.00    358.00    486.00    566.00    432.00    456.00    434.00    486.00    508.00    424.00    424.00    336.00    348.00    350.00     52.00     58.00     60.00     12.00
    268.00    506.00   1016.00    680.00    196.00     22.00     22.00     26.00     72.00     24.00     44.00     70.00     54.00     82.00     44.00     14.00     38.00     30.00     74.00
    182.00    270.00    556.00    320.00    388.00    478.00    422.00    182.00     48.00     34.00     22.00     46.00     44.00     24.00     24.00     24.00     32.00     42.00     20.00
    248.00    248.00    310.00    174.00    236.00    236.00    190.00    544.00    544.00    752.00    238.00    238.00    442.00    504.00    380.00    380.00     14.00     40.00     40.00
    526.00    544.00    654.00    194.00     54.00     50.00     28.00     10.00     24.00     46.00     22.00     12.00     24.00     26.00     24.00     16.00     16.00     24.00     40.00
    146.00     10.00     62.00    142.00    150.00     98.00    236.00    320.00    256.00    284.00    344.00    344.00    468.00    250.00     64.00     64.00     52.00     22.00      8.00
     96.00     50.00     46.00     42.00     28.00     22.00      8.00     12.00     10.00      0.00      0.00      0.00      0.00      0.00      0.00      4.00      6.00      0.00      6.00
    750.00   1242.00    848.00    734.00    734.00    796.00    630.00    762.00    410.00    506.00    210.00    252.00    252.00    244.00     38.00     14.00     24.00    192.00    344.00
    130.00    334.00   1154.00    698.00    698.00     92.00     36.00     14.00     72.00    854.00    904.00    700.00    700.00    486.00    192.00     20.00      4.00     10.00     18.00
    882.00    428.00    112.00     28.00     58.00     32.00     22.00     42.00     20.00     60.00     62.00     12.00     72.00     52.00     40.00     36.00      8.00     32.00     62.00
    656.00    536.00    290.00    636.00    672.00    562.00    626.00    188.00    186.00    446.00    610.00    400.00     74.00     66.00     16.00     30.00     54.00     40.00     22.00
     76.00    900.00    848.00    832.00    830.00    742.00     88.00     66.00     70.00     38.00     40.00     14.00     14.00     16.00      8.00     10.00     12.00      8.00      6.00
    268.00    368.00    302.00    202.00     28.00      8.00      4.00      0.00      0.00      0.00      0.00      0.00      0.00      6.00      6.00      2.00      0.00      0.00      0.00
   1296.00    810.00   1302.00   1252.00   1320.00   1338.00   1338.00   1338.00   1274.00    606.00    204.00    302.00    112.00    110.00    118.00    118.00    148.00    114.00    830.00
    438.00    470.00     96.00      2.00      6.00     16.00     16.00     22.00      4.00     18.00      8.00      2.00      2.00     18.00     12.00     12.00    334.00   1098.00    684.00
    624.00    504.00    566.00    252.00    246.00    228.00    328.00    186.00     40.00     38.00     40.00     20.00     46.00    132.00     32.00      6.00     22.00     38.00     40.00
    262.00     96.00    138.00    194.00     52.00     14.00     16.00      4.00      0.00      4.00      4.00      6.00      6.00      6.00      0.00      0.00      0.00      0.00      0.00
      8.00      6.00      0.00      0.00      0.00      0.00      0.00      0.00      0.00      0.00      0.00      0.00      0.00      0.00      0.00      0.00      0.00      0.00      0.00
    532.00    532.00    698.00    924.00    256.00    256.00      8.00     78.00     78.00     30.00     44.00     44.00     38.00     30.00     40.00     40.00     66.00     78.00     78.00
    996.00    290.00    644.00   1062.00    498.00    324.00    140.00     60.00     38.00     16.00      4.00     10.00     16.00     14.00      6.00      2.00      6.00      0.00      6.00
    248.00    492.00    310.00    452.00    350.00    372.00    220.00    412.00    194.00    656.00    662.00    142.00     34.00     94.00     94.00     18.00     60.00     40.00     88.00
    282.00     60.00     10.00      6.00     10.00     16.00     42.00    118.00    368.00    904.00   1194.00    602.00    668.00   1304.00    752.00    182.00     48.00     14.00      4.00
    400.00    400.00    234.00     50.00     26.00     26.00     70.00     42.00     42.00     12.00     12.00     12.00     22.00     20.00     26.00     26.00     86.00     38.00     38.00
    206.00    376.00    486.00    564.00    604.00    696.00   1026.00   1232.00   1120.00    956.00    658.00    230.00    394.00    480.00    322.00    904.00    424.00     90.00     24.00
    176.00    876.00    576.00     78.00     34.00    254.00    560.00     86.00    582.00     40.00    482.00    482.00    500.00    492.00     54.00     42.00     32.00     14.00     20.00
    304.00     68.00    184.00    110.00    272.00    162.00    162.00    154.00    264.00    278.00     84.00     18.00     14.00      0.00      0.00      0.00      2.00      2.00      0.00
    218.00    418.00    318.00    240.00    198.00    282.00    196.00    366.00    128.00     32.00    112.00     56.00     12.00     22.00     34.00     54.00     52.00     60.00     40.00
    330.00    394.00    156.00    156.00    118.00     76.00     28.00     88.00    192.00    290.00    452.00    348.00    364.00    208.00     78.00     28.00     20.00     44.00     38.00
    130.00    130.00    866.00    402.00     34.00     34.00     12.00      0.00      0.00      0.00      0.00      0.00      4.00      6.00      4.00      4.00      4.00      4.00      4.00
    750.00    286.00     56.00     14.00      6.00     54.00    124.00    362.00   1290.00    840.00    146.00    146.00    888.00    608.00    964.00    502.00    628.00   1078.00    962.00
    262.00    282.00    290.00    342.00    324.00    366.00    322.00    296.00    360.00    340.00    302.00    302.00    284.00    334.00    352.00    294.00    370.00    384.00    132.00
    748.00    314.00    704.00   1288.00    302.00     78.00     32.00     18.00     12.00      6.00     10.00      6.00      4.00     10.00     10.00     36.00     38.00    122.00    132.00
    442.00    442.00   1134.00    260.00     98.00     98.00     20.00     16.00     16.00     14.00     34.00     34.00     40.00     26.00     12.00     12.00     12.00     34.00     34.00
    174.00    316.00    190.00    392.00    714.00    662.00    662.00     14.00    114.00    384.00     24.00    310.00    440.00     38.00     58.00     58.00     92.00     34.00     22.00
    758.00    186.00    276.00    452.00    726.00    280.00    438.00    706.00    228.00    606.00   1062.00   1062.00    768.00   1066.00   1038.00    602.00    784.00    912.00    362.00
    158.00    118.00     42.00      2.00      2.00      6.00      4.00      2.00      6.00      2.00      2.00      0.00      0.00      0.00      0.00      0.00      0.00      2.00      0.00
    748.00    314.00    704.00   1090.00    302.00     46.00     46.00     18.00      6.00      6.00      6.00      4.00      4.00     20.00     54.00     54.00    346.00    286.00    532.00
    158.00    118.00     42.00      2.00      4.00      4.00      4.00      2.00      4.00      4.00      4.00      0.00      0.00      0.00      0.00      0.00      4.00      6.00      4.00
    432.00    506.00    162.00     60.00     24.00    114.00     80.00     52.00     66.00     40.00     14.00     18.00     26.00     24.00     24.00     18.00     64.00     18.00     96.00
    532.00    544.00    698.00    796.00    240.00     28.00     28.00     28.00     38.00     68.00     80.00     64.00     28.00     28.00     28.00     22.00      6.00     40.00     22.00
    334.00    334.00    150.00    172.00    138.00    138.00     22.00      6.00      6.00      4.00      2.00      2.00     22.00     38.00     50.00     50.00     54.00     36.00     36.00
    216.00    190.00    252.00    224.00    422.00    422.00    422.00    432.00    602.00    728.00    340.00    370.00    148.00    108.00    436.00    436.00    386.00    332.00    144.00
    206.00    224.00    474.00    682.00    858.00    580.00    876.00   1078.00    964.00   1156.00    934.00    934.00   1144.00    674.00    142.00    162.00    500.00    698.00    594.00
    418.00    110.00     24.00     20.00     10.00      8.00     16.00     12.00      4.00      0.00      4.00     10.00      6.00     10.00      8.00      4.00     10.00     16.00     22.00
    268.00    506.00    714.00    176.00     54.00     44.00     36.00     20.00     44.00    100.00     64.00     10.00     68.00     56.00    100.00    106.00     58.00     30.00    112.00
    218.00    462.00    364.00     48.00      8.00     46.00     24.00     22.00     42.00     44.00     64.00     78.00     94.00     16.00    136.00     54.00    126.00     96.00     28.00
     52.00    670.00    464.00    156.00     42.00     50.00     24.00     96.00     58.00     38.00     22.00     22.00     60.00     32.00     32.00     14.00     26.00    238.00    988.00
    154.00    380.00    518.00    236.00     60.00    142.00     70.00     30.00     82.00     60.00     44.00     44.00     10.00     40.00     62.00     14.00     22.00     58.00    356.00
    532.00    544.00    698.00    924.00    240.00      6.00      6.00     48.00     42.00     68.00     96.00     80.00     72.00     52.00     32.00     32.00     32.00     22.00     20.00
    624.00    460.00    502.00    358.00    250.00    540.00    412.00    310.00    146.00    110.00    336.00    580.00    720.00    810.00    688.00    772.00    756.00    328.00     62.00
