      3.07      2.76      2.23      2.32      3.65      2.26     52.71     10.89    199.28     31.88     28.02   1317.69     13.56      5.86      5.86    448.38   7174.09  64566.81  64566.81
     20.28     20.28     30.06     62.11    441.70    636.05   1766.80    993.83    993.83    636.05    636.05    110.43    636.05    441.70    441.70    441.70    636.05    993.83   1766.80
      5.15      5.43      4.97     10.35     16.80      7.15     14.38     15.76    146.41  64566.81  64566.81  64566.81  64566.81   2582.67      7.47      2.29     22.14    223.41  64566.81
      1.58      1.41      1.86     26.26    164.10    455.82    256.40    656.38   1823.29   1823.29   1823.29    656.38   1025.60   1025.60    455.82    455.82   1025.60   1025.60   1025.60
     33.67     13.15     11.09      3.47      3.47      3.47      7.96     27.12    183.33    412.50    509.25   1145.82   1649.98   1649.98   1649.98   1649.98   1145.82    841.83   2578.10
    329.42    329.42    448.38    797.12   1317.69   1317.69   1793.52   2582.67   2582.67    797.12   1317.69   1317.69   1793.52   1317.69     67.19     67.19   1793.52   1793.52   1793.52
      3.39     11.13     41.84     59.76     61.64     70.30     80.17    119.53    171.37    250.39    389.66    300.76    335.21    428.75    276.01    202.10    250.39    310.25    243.03
      0.99      0.99      0.99      2.17     10.31     23.43     46.99     46.99     24.65     40.30     61.64     70.90     77.56     72.31     72.31    106.62    173.18    226.74    254.20
      0.99      0.99      0.99      1.02      1.66      1.66     31.88      1.91      1.91      1.15      0.99      0.99      0.99      0.99      0.99      0.99      0.99      1.23      1.23
      2.46      5.54     29.23     52.71   1008.86   7174.09  64566.81  64566.81  64566.81  64566.81  64566.81  64566.81  64566.81  64566.81  64566.81  64566.81  64566.81  64566.81  64566.81
      1.82      2.04     28.16     41.26     12.52    112.64     10.32     16.01      3.17      6.89     66.21     66.21     70.85    112.64     51.54    206.18     88.14     88.14     70.85
     38.71    112.98    162.69     15.40      7.06      4.44      3.79     10.70     17.49     38.71     38.71     59.76     56.29     35.20     35.20     20.03     53.12     96.27     56.29
      7.78      2.88      6.18      5.51     10.36     54.54    280.23   2522.05   1751.42   3940.70   7005.69   1286.76   3940.70   7005.69   7005.69   7005.69  15762.80   7005.69   7005.69
     12.73     38.07     64.68     32.14     50.79    104.12    131.78    221.44    243.03    165.99    176.91    239.47    429.60    326.51    112.98    164.29    176.91     85.47    119.91
      0.99      0.99      1.39      0.99      2.25      6.51     23.17     33.61     32.14     36.89     96.27    225.18    104.12    123.02    123.02     35.20     72.31    803.41     56.29
      5.06      2.90      6.88     20.19     49.19     34.94     20.88     45.68     42.73     26.56     35.52     49.01     94.44     94.44     54.70     47.09    112.66    104.38     40.43
      4.20      1.52      5.97   7174.09  64566.81  64566.81  64566.81  64566.81  64566.81  64566.81  64566.81  64566.81  64566.81  64566.81  64566.81  64566.81  64566.81  64566.81  64566.81
      0.99      0.99      1.11      1.01      1.02      1.02      1.97     14.82     14.82   1008.86   1793.52   1793.52   2582.67    286.96   1793.52   1793.52  64566.81  64566.81  64566.81
      1.43      2.48      1.61     11.57      7.36      7.06     38.71     10.70      5.90     16.93     17.49     50.21     42.79     47.54     45.07     18.08     28.24     45.07     21.51
     20.43     62.01     84.94    103.80    120.55    127.31    127.31    100.16    124.90    135.01    123.02    102.03    107.19    110.71     78.12     69.99     87.49     78.38     86.44
      8.91     41.13     69.99     63.68     56.39     50.29     69.77    143.81    143.81    100.16     96.55     92.73     81.37     58.64     58.64     81.37     56.38     43.41     46.52
      0.99      1.87      5.15      7.86     29.03     55.25     45.13     77.72    128.67    134.45    134.45    189.60    239.47    225.18    256.20    289.23    289.23    403.96    663.97
      0.99      0.99      0.99      1.73      2.67      6.12     15.48     20.75     22.38     24.07     24.07     21.30     12.28      3.39      0.99      0.99      0.99      0.99      2.28
      3.91      5.08     16.44     45.68     45.68     29.23     22.76     11.42     11.42     11.42     18.22     29.23     38.92     29.23     14.91     14.91     11.42     11.42      9.02
     22.29     71.31    159.56    165.99    123.48    176.53    254.20    346.00    451.92    389.66    332.02    250.39    156.52    204.52    289.23    366.05    261.62    109.23     92.73
    243.03    289.23    335.43    335.43    366.05    451.92    389.66    332.02    358.05    358.05    332.02    332.02    389.66    451.92    451.92    451.92    417.82    358.05    332.02
      2.38      2.38      2.18      2.49      3.78      4.96      6.49     15.14     50.06     99.76    172.83    240.44    240.44    186.60    139.58    163.81    427.46    759.92    581.81
      0.99      1.15      2.46      8.15     15.76     34.92     67.19    252.21    645.67    382.05   1317.69    797.12    797.12   1008.86   1317.69   1317.69   2582.67   4035.43   2582.67
      2.17      3.19     11.43     32.33     32.33     79.85     54.15     39.13    193.21     69.56    129.34    434.72    156.50    434.72    434.72    129.34    434.72    244.53    434.72
     21.34     22.14     16.80     12.46     14.38     13.18     26.89     13.56     29.23    199.28   1317.69   2582.67    645.67   1793.52    199.28     59.29     13.18      3.20      1.93
      0.99      0.99      1.39      1.48      3.32      3.32     10.43     33.61     33.61     25.02    147.56    147.56    104.12     45.07     45.07     45.07    385.07     83.01     83.01
      6.86      2.04     55.85  64566.81  64566.81  64566.81  64566.81  64566.81  64566.81  64566.81  64566.81  64566.81  64566.81  64566.81  64566.81  64566.81  64566.81  64566.81  64566.81
     95.51    161.42    645.67    797.12    645.67   1317.69   1793.52    645.67   1317.69   1008.86   1317.69   1008.86   2582.67   2582.67    199.28    448.38   1793.52   1317.69    252.21
      2.89      1.63      0.99      1.21      5.57      7.23   3909.38  62550.01  62550.01  62550.01  62550.01  62550.01  62550.01  62550.01  62550.01  62550.01  62550.01  62550.01  62550.01
      6.86      4.80     55.85  16141.70  64566.81  64566.81  64566.81  64566.81  64566.81  64566.81   7174.09  64566.81  64566.81  64566.81  64566.81  64566.81  64566.81  64566.81  64566.81
      1.26      1.30      1.30      1.30      1.30      1.30      1.19      1.21      1.44      2.16      2.89      2.89      2.82     29.11     83.38    160.84    237.83    653.70   1815.83
      6.80     17.50     84.36    129.70    136.70    104.91     27.74      5.15     24.82     81.37     33.69     31.61    211.28    216.60    104.46     72.31     48.17    117.45    212.84
    448.38    382.05    448.38   1317.69   1008.86   1008.86   1008.86    286.96    645.67    112.10     25.83     25.83     30.51     44.71     44.71     23.88     67.19     67.19    329.42
     17.35     11.18     18.55   4035.43  64566.81  64566.81  64566.81  64566.81  64566.81  64566.81  64566.81  64566.81  64566.81  64566.81  64566.81  64566.81  64566.81  64566.81  64566.81
      3.48      4.25      2.67      2.67      2.56      2.36      2.13      1.83      1.34      1.58      2.19      2.11      3.08     12.31      5.01     32.88     15.88    104.48    327.05
      0.99      2.82     13.21     24.07     46.94    109.66    173.18    349.00    458.26    358.05    310.25    289.23    221.44    123.24     53.69     15.25      3.24      0.99      2.58
      3.92     16.23     38.90     32.23     37.92     56.29     56.29     50.52     24.92      7.87     17.70     22.23      6.08      2.93      3.42      4.13      7.20     12.51     19.92
      2.47      1.48      1.46      4.01     12.18     12.28      6.11     18.64     33.55     45.13     69.99     74.82     80.17    126.98    114.47     86.50     67.46     58.11     60.23
     20.07     67.29    142.16    221.44    174.96    191.40    478.11    451.92    243.03    115.14    181.06    417.82    241.33    196.46    186.76    126.98    190.42    243.03    174.96
     10.09     10.09      1.41     88.57  64566.81  64566.81  64566.81  64566.81  64566.81   7174.09      8.15      8.15      3.71      6.21     11.18     11.18     16.80     28.02     28.02
      3.32     17.17    146.88    710.89   1263.80   2843.56   5055.21   5055.21   5055.21   5055.21   5055.21   5055.21   5055.21   5055.21   5055.21   5055.21   5055.21   5055.21   5055.21
     42.79    180.27     77.38     53.12     45.07    162.69    104.12     33.61    123.02     53.12     96.27    180.27    254.20    134.45    104.12    123.02     96.27     89.27     83.01
      2.04      5.92     12.71    250.23    102.50     44.36    132.35    284.71    132.35    197.71     26.68     27.80     46.79     36.31     33.09      2.92      5.11      2.96      6.81
      3.66     48.05    197.37    190.93    190.93    256.20    328.77    247.47    170.93    254.20    182.72    197.37    131.55     56.58    112.98     84.36     74.94    182.72    161.19
      1.96      3.42      4.67     10.70     50.21     96.27     19.34     40.67     13.28     35.20     67.72    123.02     96.27     89.27     89.27    200.85     72.31    254.20    147.56
      1.04      0.99      0.99      1.72      2.66     11.01     54.86    104.46    164.29    256.20    289.23    310.25    358.05    458.26    458.26    335.43    197.37    128.67     71.49
      1.81      1.60      2.45      4.82      6.02      5.79     14.37     23.15     15.28     39.13     48.30     61.13    193.21    108.68    319.39    434.72    193.21    244.53    434.72
      0.99      1.01      1.58      1.53      5.58     14.94     18.69     29.46     36.89     67.72     89.27    123.02     89.27     32.14     56.29     50.21     56.29     72.31     32.14
      1.97      8.81     34.15     53.12     70.03     71.83     61.87     78.12     62.61     80.76    140.93    147.56    155.04    119.53     93.26    100.16    114.56    123.48    108.51
      1.17     11.27     22.32     45.07     96.27     63.55     47.54     67.72     83.01     83.01     77.38    147.56    180.27    104.12     56.29     40.67      7.86      0.99      1.07
      1.50      1.35      1.43      1.17      3.19      4.78      3.24      3.40      9.25     19.48     64.63     87.97      9.51     10.34     37.01     33.31      9.77     25.02    126.68
      0.99      0.99      0.99      6.70     23.09     55.32     89.27     70.03     20.87      3.07      9.65     40.86    193.93    385.07    417.82    546.82    650.76    592.94    493.93
      2.23      7.59     62.03    706.61   2068.89   4377.15  10686.39  15388.40  15388.40  15388.40  15388.40  15388.40  15388.40  15388.40  15388.40  15388.40  15388.40  34623.91  61553.61
      1.43      5.19     38.71     30.75     53.12     45.07     50.21     53.12    112.98    112.98     25.02    123.02     96.27    162.69     67.72     89.27     72.31     77.38     72.31
     10.64     47.59     93.26     80.17     77.38     72.47     63.68     49.76     44.04     85.47     73.45     37.57     79.25    123.02    117.94     86.50    101.20     94.44     54.70
      0.99      1.53      1.27      1.37      1.30      2.12      4.30      8.80      4.03     11.57     38.71     29.46     20.75     13.67     13.67      1.99      7.36     23.17     27.10
      6.08     30.24    157.56    717.07   2410.16   5884.17   8473.20   8473.20   8473.20   8473.20   8473.20  19064.71  33892.81  33892.81  33892.81  33892.81  33892.81  33892.81  33892.81
      1.70      1.67      2.54      9.75    395.92   2375.00   5236.33   6839.29   6839.29  10686.39  15388.40  15388.40  15388.40  10686.39   4377.15    927.12     54.19      9.91      8.13
      1.71      1.96      4.11      6.42      7.82     13.59     13.59     16.44     16.44     29.23     81.20    182.70    182.70    411.08    411.08    411.08    263.09    411.08    411.08
      2.98      2.98    182.70    411.08    411.08    411.08    730.80    730.80    730.80    730.80    411.08    411.08    411.08    730.80    730.80    730.80    730.80    730.80    730.80
    252.21   1008.86  64566.81   7174.09  64566.81  64566.81   1793.52    797.12     59.29      9.84      0.99      0.99      0.99      0.99      1.93      5.86      1.75      0.99      0.99
      8.91     30.45     53.91     82.59     76.50     62.35     56.58     39.78     43.30     51.66     44.64     55.28     94.34    104.46     68.27     62.60     77.56     72.31    112.98
      5.73     22.89     50.14     80.19    430.83    941.47   2118.30   3765.87   5884.17   8473.20   8473.20   8473.20   8473.20   8473.20   8473.20  19064.71  33892.81  33892.81  33892.81
      3.13      3.13     14.15     39.51     99.69    624.25   1355.71   1715.82   2883.24   3765.87   2883.24   2118.30   2118.30    691.69     27.97     16.75     20.98     25.45     24.18
      1.63      1.34      2.08      3.97      7.47     29.89    104.48    327.05    383.83    682.37    863.63    863.63   1128.00   1535.33   1535.33   1535.33   1128.00   3454.50   2210.88
      0.99      2.17      3.47     11.88     25.02      8.60     53.12     38.71     89.27    104.12    134.45     96.27    254.20    200.85     45.07     77.38    200.85    225.18     21.51
      1.00      0.99      2.33      2.42     29.46     47.54     40.67      8.80     42.79     83.01    104.12     63.55    123.02     38.71     40.67     83.01    180.27    147.56     47.54
     33.61    289.23    225.18     67.72    112.98    332.02     56.29    104.12    180.27    162.69   1807.67     56.29     53.12    254.20    254.20    803.41    225.18     63.55     89.27
      2.58      8.23     62.03    706.61   3847.10   6839.29  10686.39  15388.40  15388.40  15388.40  15388.40  34623.91  34623.91  15388.40  15388.40  15388.40  15388.40  34623.91  61553.61
      6.33      2.34      1.04      0.99      0.99      1.05      0.99      0.99      0.99      1.57      2.23      1.72      2.29      6.72    178.86   2582.67     95.51     12.12      2.32
      3.37      3.37     14.50     40.67    123.02    123.02     14.07     20.03     20.03     67.72      6.51      6.51      6.38    104.12     28.24     28.24    104.12    180.27    180.27
     15.87     15.79      2.81      5.70     11.22      9.01      8.70      8.40     29.54     86.50     91.51     91.51    117.94    159.56    200.85    190.42    190.42    105.57     14.30
     28.37     41.07     49.78     77.38    123.46    144.67     86.50     59.87     47.09     54.21     64.05     56.29     46.08    133.18    170.53     80.17     83.22     70.03     45.63
     53.12     67.72     35.20     53.12     67.72     33.61     13.67      4.52      1.61      1.38      0.99      0.99      1.25      1.07      3.32      3.91      6.51      8.03      6.64
      1.83      1.63      1.18      1.10      2.44      5.66     47.45     58.32     12.09     18.95     54.24     77.38     68.28    129.23    164.29    129.70     94.44     51.66     33.88
      9.23     26.47    162.69    178.55     67.86     36.13     14.41     17.46     59.62    129.70    103.80     26.28     13.47     49.78     86.57    114.56    156.52    130.81    116.59
    448.38    448.38    286.96    286.96    329.42    329.42    133.40      2.43      2.43      1.41      1.02      1.02      1.91     76.77    382.05    382.05    533.61    533.61    533.61
      0.99      0.99     13.59     40.67    114.31    256.20    403.96    537.82    537.82    537.82    592.94    650.76    725.08    803.41    725.08    592.94    537.82    663.97    615.11
      8.94     14.38     47.16     12.46     49.82     31.88     11.79      2.69     67.19   2582.67  64566.81  64566.81  64566.81  64566.81  64566.81  64566.81  64566.81  64566.81  16141.70
      1.48      1.48      7.63      6.09     22.14     22.14    146.41     88.57     88.57    797.12  64566.81  64566.81  64566.81  64566.81  64566.81  64566.81  64566.81  64566.81  64566.81
      2.33      0.99      0.99      3.55     33.46     77.38    153.02    429.60    650.76    592.94    458.26    358.05    358.05    417.82    451.92    615.11    803.41    803.41    803.41
      1.33      2.40     26.89    286.96   1317.69   1317.69   1793.52   2582.67    533.61   2582.67   1793.52   2582.67   1793.52    645.67   1317.69    178.86     82.36     88.57    286.96
      1.72     67.19    797.12  64566.81  64566.81  64566.81  64566.81  64566.81  64566.81  64566.81  64566.81  64566.81  64566.81  64566.81  64566.81  64566.81  64566.81  64566.81  64566.81
      6.08     23.57     59.67    179.27    762.59   2410.16   3765.87   5884.17   8473.20   8473.20  19064.71  19064.71   8473.20  19064.71  33892.81  33892.81  33892.81  33892.81  33892.81
      5.65     10.33     57.67    165.99    212.84    225.18    276.01    310.25    271.43    254.20    205.90    123.24     70.03     49.01     45.07     47.60     46.42     42.79     47.81
      2.15     55.47     83.56    239.30    239.30    499.27    825.33   1123.37   1617.65   1123.37   1123.37   1123.37    825.33   2527.58    825.33    825.33   1617.65   1617.65   1123.37
   4035.43     47.16      1.68      0.99      0.99      0.99      0.99      0.99      0.99      1.02      0.99      1.00      1.33      4.88     18.55    329.42    199.28   7174.09    533.61
    193.06     17.38     16.81      9.53      7.72     28.32     54.11     61.08     12.07     26.05     33.83     45.69     27.15     74.38     24.05     21.45     19.95      4.27      3.54
  64566.81  16141.70  16141.70  16141.70   1317.69  64566.81  16141.70    382.05    122.05     95.51    252.21     23.88      0.99      0.99      0.99      0.99      0.99      0.99      1.00
     36.47    286.58    877.64   1263.80   2843.56   5055.21   5055.21   2843.56   1263.80   2843.56   5055.21   5055.21   5055.21   5055.21   5055.21   5055.21   2843.56   1263.80   2843.56
     35.20     68.57    379.74    409.90    147.56    252.34    273.07    180.27    250.39    239.88    162.69    162.69    112.98     80.56     89.27    116.59    103.80     67.72    110.08
     18.74     29.45     44.04     69.77     44.59     19.14     31.02     36.04     60.23     86.11     75.17     78.12     65.30     65.30     89.27    211.28    299.79    122.01    122.01
     11.96      9.10      4.46      0.99      0.99      0.99      2.33      7.71     37.77     86.57    216.60    385.07    385.07    509.25    725.08    725.08    650.76    546.82    493.93
      2.26      2.75      3.19      6.51     38.77    288.98    907.60   2375.00   5236.33   6839.29  10686.39  15388.40  15388.40  15388.40  15388.40  15388.40  15388.40  15388.40  15388.40
     21.81     21.81     36.06     39.75     32.85     25.44     32.85     39.75    159.01    324.51    441.70   1766.80   1766.80   1766.80   1766.80   1766.80   1766.80   1766.80   1766.80
      1.57      1.85      2.13      3.25      4.88     11.18      4.00      8.15      8.34      9.60      5.97      2.46     21.34     52.71     52.71     33.35     67.19     47.16     36.60
      9.37     11.79      2.79      1.07      0.99      0.99      0.99      0.99      0.99      0.99      0.99      0.99      0.99      1.04      1.65      1.63      1.45      4.41      5.06
      1.32      1.13      1.40      1.87      2.19      2.33      2.58      8.49     17.19    187.23    958.52   2340.14   3369.80   3369.80   3369.80   3369.80   3369.80   3369.80   3369.80
     18.70      8.54     16.03      2.45     13.89     13.89     40.43     11.41     40.43      8.54      2.53      2.53      2.13      5.29      5.29     10.73     10.73      9.02      5.29
    371.69     78.01      1.79      2.48      7.56     36.91    426.68   1092.30   1092.30   1092.30   1092.30   2457.68   4369.21   4369.21   4369.21   4369.21   4369.21   4369.21   4369.21
      2.23      1.77      0.99      1.08      0.99      1.09      1.46      1.73      1.25      1.89      2.37      3.60      3.44      1.31      1.10      1.44      1.31      1.46      1.52
  64566.81   1008.86   1793.52     16.27      6.72      3.82      2.06      5.86     28.02   2582.67  16141.70  64566.81  64566.81  64566.81  64566.81   7174.09      2.32      1.42      1.06
      8.02      5.42      3.32      2.24      2.06      1.48      1.98      5.11      3.43      6.12      6.67     15.35     34.55    104.48    104.48     40.37     50.75     88.44    104.48
      1.84      1.84      1.64     63.55     83.01     83.01     72.31     47.54     47.54     53.12     53.12     53.12     25.02     50.21     72.31     72.31     16.93     10.98     10.98
      1.01      1.42      1.68     30.75     36.89    104.12    200.85    147.56    147.56     89.27    180.27     63.55     53.12     56.29    104.12     89.27    147.56     59.76     38.71
     31.88     49.82     29.23     16.27      7.31      3.65      6.72      2.16      1.22      1.24      1.33     10.35     12.46     15.28     76.77     59.29     95.51    112.10    329.42
      5.42     32.59    146.08    134.94     76.50    104.12     90.26     90.26     76.50     84.45    105.47     63.91     66.85     92.73    105.47     84.45     70.03     62.61     59.97
      1.80      2.31     17.49      8.60     29.46     28.24    134.45     27.10     45.07     96.27     33.61     83.01     59.76     45.07     56.29     96.27     72.31    112.98     35.20
     45.99     89.27    161.19    254.20    316.25    417.82    615.11    725.08    650.76    546.82    366.05    289.23    335.43    575.22    725.08    650.76    650.76    592.94    537.82
      0.99      0.99      0.99      1.03      1.79     28.02     11.48      9.60      5.43      4.07     12.12     10.09     13.56      2.49      2.49      4.64      1.93      2.37      1.06
      5.84     12.70      9.99      7.60     11.61     11.44      7.32      5.19      3.11      2.79      2.76      3.04      4.01     11.88     19.23     58.50    126.30     67.70     35.16
     22.99    252.21    112.10    533.61     16.27     12.46     67.19     10.61      1.89      1.01      0.99      0.99      0.99      0.99      0.99      0.99      0.99      0.99      0.99
      1.74      2.77      3.60      3.60      4.37      6.48      7.89      6.48      5.05      3.23      5.03      9.66     22.38     17.56      4.98      3.88      2.08     10.88     27.23
      1.04      1.00     15.60     47.54    142.82    366.05    493.93    493.93    210.09     23.34      3.32      2.93     26.09    128.55    349.00    537.82    493.93    389.66    291.81
      2.23    122.05    133.40  64566.81  64566.81  64566.81  64566.81  64566.81  64566.81  64566.81  64566.81  64566.81  64566.81  64566.81  64566.81  64566.81  64566.81  64566.81  64566.81
     42.79    200.85    332.02    104.12     32.14    225.18    147.56     83.01     26.03    162.69     50.21    200.85    147.56    162.69     63.55     77.38     53.12    225.18     67.72
     31.88     31.88     11.18      4.80      2.18      1.29      1.08      1.00      0.99      0.99      0.99      1.21      1.48      1.61      2.87      6.21     19.19      5.24      5.75
      5.48     12.70     31.22     40.88     75.19    112.98     75.19     19.69      3.06     11.06     30.16     48.29     67.72     81.37     96.27     83.86    106.62    173.18    226.74
     15.57     30.27     80.51    106.62     59.27     96.53     94.75     34.31     64.75     90.85     50.37     79.36    110.71     80.56     80.56     73.77     80.41    100.16    127.31
      2.53      2.53      4.61      9.58     12.16     28.59    128.25    662.45   1298.40   1298.40    994.09    591.58    392.77    324.60    392.77   1431.49   6573.16  11685.61  11685.61
      5.07      5.77     19.07     57.52    122.87    171.61    423.77    830.59    830.59   1297.80   1297.80    830.59   2307.20   2307.20   2307.20   1297.80   1297.80   1297.80   2307.20
      6.19     22.45     87.31    205.90    239.47    276.01    332.02    358.05    417.82    451.92    451.92    451.92    389.66    208.09     70.99     15.69      1.82      0.99      0.99
  64566.81  64566.81  64566.81  64566.81  64566.81  64566.81  64566.81  64566.81  64566.81  64566.81  64566.81  64566.81  64566.81  64566.81  64566.81  64566.81  64566.81  64566.81  64566.81
      0.99      0.99      0.99      0.99      0.99      0.99      2.33      1.04     15.89    134.45     63.55    289.23    134.45    200.85    200.85    332.02    225.18    225.18    162.69
     12.73     38.07     77.38     41.25     45.54    123.24     93.08     73.70    153.78    153.78    129.70    147.56    212.49    289.23    190.93    285.95    403.96    212.49    109.66
      0.99      0.99      0.99      0.99      0.99      0.99      1.90      5.35     32.32     72.31     91.51    108.51     55.71     23.18     20.96     42.56    116.12    205.90    429.60
      5.46      5.46     49.11     68.59    169.37    169.37    230.53    169.37    169.37    169.37    230.53    230.53    230.53    230.53    169.37    169.37    331.97    922.13    922.13
      2.27      8.93     23.98     89.31    162.01    273.02    511.24    717.44    853.81    853.81   1517.88   3705.77   5336.30   5336.30   5336.30   5336.30   5336.30   5336.30   5336.30
      0.99      1.15      1.75      9.60     19.19     42.45    199.28    146.41    161.42    448.38   1008.86    329.42    797.12    797.12    329.42    252.21   1317.69   1317.69   1008.86
     10.55      2.64      1.01      2.09      5.67    118.24  62550.01  62550.01  62550.01  62550.01  62550.01  62550.01  62550.01  62550.01  62550.01  62550.01  62550.01  62550.01  62550.01
    225.18    147.56    385.07    180.27    123.02    134.45     83.01     45.07     16.93     12.21     38.71     96.27     18.08    147.56    134.45     83.01     96.27    289.23    134.45
      1.02      0.99      1.80     15.65     74.94    128.67    148.24    192.67    239.47    254.20    197.28    140.93    134.45    134.45    243.65    335.43    289.23    271.43    189.60
      2.17      2.17     72.31     14.94     72.31     63.55    225.18    332.02    803.41   1016.81    803.41    803.41   1328.08   1328.08   1328.08   1328.08   1328.08   1328.08   1328.08
     19.19      7.80      7.31     25.83     18.55      9.60     16.80      3.20      2.34      1.93      1.91      2.52      3.82      7.97     44.71    122.05   1793.52  64566.81  64566.81
      7.72     12.91     27.50     73.09     93.26    119.53    127.31     89.51    102.03    135.01    197.28    226.74    200.85    200.85    190.42    202.10    239.47    254.20    271.43
     45.07     89.27     35.20     77.38     36.89     53.12     72.31     15.89     53.12     63.55     35.20     17.49     35.20     83.01     96.27     47.54     77.38     45.07     36.89
     23.98     37.35     44.64    230.57    366.05    289.23    197.37    150.28    215.65    291.81    332.02    358.05    458.26    458.26    385.07    285.53    212.84    212.84    226.74
     12.12      7.01    223.41     10.89    223.41    133.40     82.36    112.10     13.96      2.59      1.35      1.05      0.99      0.99      0.99      1.13      1.63      1.44      1.22
      1.77      9.73     54.36    182.70    263.09    263.09    411.08    730.80    730.80    730.80    730.80    730.80    730.80    730.80    730.80    730.80    730.80    730.80    730.80
      5.36     15.96    163.45    418.43    418.43    820.12   1355.71   1355.71    510.49     46.43     12.61      3.39      3.06      2.75     10.57     16.30      9.92    170.05    428.96
      1.08      2.46      2.95     10.61      8.94     12.46     49.82      9.60     63.05     12.81      7.97      8.53     22.14     31.88     31.88   2582.67    161.42     15.76  16141.70
      7.16     18.47     43.76     67.72     72.47     74.82     65.88     45.75     64.01     66.24     53.12     72.31     64.05     74.95     79.06     65.62     69.99     74.82     80.17
      1.35      1.04      1.04      1.12      1.44      1.80      2.51     22.69     59.91     53.07     46.64     75.55    102.31     39.10     52.14    134.79    134.79    632.77   1497.69
    225.18    147.56     40.67     83.01     89.27     96.27     38.71    162.69     14.50      4.92      7.69     27.10    289.23     59.76    112.98     38.71    451.92    225.18    112.98
      1.93      5.20     21.97   1000.93   2562.38   4003.73   1307.34   7117.73   2562.38   2562.38   4003.73   1779.43  16014.90   2562.38   7117.73   7117.73   7117.73  16014.90   7117.73
   1092.30   1092.30   1092.30   1092.30   2457.68   4369.21   4369.21   2457.68   1092.30   1092.30   1092.30   2457.68   4369.21   4369.21   4369.21   2457.68   2457.68   4369.21   4369.21
      0.99      0.99      0.99      0.99      1.42      1.08      4.97      4.72     21.34      9.60      1.03      0.99      0.99      0.99      1.04      1.21      1.24      1.18      0.99
      1.01      0.99      1.75      3.14      3.05      7.21     35.20     89.27     11.57     89.27     83.01     89.27    123.02     96.27     42.79    112.98     53.12     47.54    147.56
      7.06     15.05     31.22     53.12     72.31    100.99     93.37     59.76     24.65      2.96      1.55      3.55     35.84    174.96    289.23    256.20    256.20    289.23    885.76
      1.50     11.63    351.88   3166.88   3166.88   3166.88   5630.00   3166.88   1407.50   3166.88   3166.88   3166.88   5630.00   1407.50   5630.00   3166.88    299.82   3166.88   3166.88
      0.99      0.99      1.21      1.07      1.03      1.20      2.95     21.34     40.35     22.99      6.72      1.72      1.00      0.99      0.99      1.99     42.45     40.35     55.85
      9.37     11.79    286.96     19.87      8.53      2.16      1.04      9.84      2.43      0.99      0.99      0.99      1.14      0.99      0.99      0.99      0.99      0.99      0.99
    147.56    332.02      5.90      1.77      1.29      0.99      1.39      4.23      5.58     24.07    147.56     36.89    200.85    123.02    200.85    225.18    147.56     22.32    289.23
      1.53      1.32      1.40      1.78      1.87      2.09      4.10      6.37     18.64    215.07    539.17    958.52   2340.14   3369.80   3369.80   3369.80   3369.80   3369.80   3369.80
    509.25   1145.82   1649.98   1649.98   2578.10   2578.10   2578.10   2578.10   2578.10   2578.10   2578.10   2578.10   2578.10   2578.10   2578.10   1649.98   1649.98   2578.10   2578.10
      1.55      2.14      2.86      4.43      3.14      1.93      2.31      4.29      3.88      1.50      1.37      1.17      1.03      1.76      2.00      1.22      1.52      1.52      1.19
      1.73      1.73     48.09    334.22    825.33    825.33    631.89    404.41    404.41    499.27   1123.37   1123.37   1123.37   1123.37    825.33    825.33   1617.65   1617.65   1617.65
      3.13      4.09      7.27    138.96    653.80   1471.04   1715.82   1139.18    720.81    394.99    115.10     28.40     19.04      7.78      7.05      6.94      7.55     42.09    276.23
      1.93      8.29     30.45     28.29     17.64     20.03     57.04     80.26     84.45    197.37    310.25    239.88    205.90    254.20    254.20    291.81    262.34    262.34    262.34
      6.59      8.34      3.94      7.80      5.43      8.53     17.94     15.28      7.97      2.55      2.23      2.59      1.08      0.99      0.99      0.99      0.99      1.02      2.32
      6.19     61.55    197.28    291.81    310.25    256.20    202.10    215.65    316.25    417.82    417.82    417.82    389.66    250.39    105.19     16.93      1.31      6.91     25.95
      3.16      9.81     10.25     51.91    256.36    576.80    576.80    576.80    324.45    256.36    256.36    830.59    830.59    830.59    830.59    830.59    830.59   1297.80   2307.20
      2.31     20.03     30.75     59.76     30.75    225.18    123.02     96.27     47.54     63.55     47.54     56.29     50.21     63.55     63.55     59.76     53.12    104.12     59.76
      1.69      2.10      1.90      8.52     16.60     11.17     28.42     68.28     68.28    119.93    212.84    119.91     80.87    214.81    149.37     43.01     64.04    119.53    119.53
      0.99      0.99      0.99      0.99      0.99      0.99      0.99      0.99      1.21      1.43      3.52     20.03    200.85    451.92    537.82    650.76   1016.81   1016.81   1016.81
      6.20     56.37    261.62    389.66    542.10    514.18    243.03    226.74    156.93    107.19    189.60    254.20    254.20    189.60    123.48    254.20    366.05    204.52    103.96
      3.48      2.11      2.56     47.81    170.59    456.79    682.37    682.37    863.63   1535.33   2210.88   3454.50   6141.33   6141.33   6141.33   3454.50   2210.88   3454.50   3454.50
     19.69     50.58    103.96    176.91    256.20    289.23    271.43    382.88    302.52    165.99    143.81    165.83    316.25    243.65    134.45    222.26    208.09    129.70    197.28
      1.81      1.44     16.80    645.67  64566.81  64566.81  64566.81  64566.81  64566.81  64566.81  64566.81  64566.81  64566.81  64566.81  64566.81  64566.81  64566.81  64566.81  64566.81
      1.59      3.79      3.24      1.88      9.50     24.76     57.20     66.85     28.39     36.52     59.87     86.44    170.27    225.18    469.81    422.29    104.91    119.93     93.88
      3.81      4.51     18.34     12.52      7.36      2.01     10.88      2.42      7.52     16.01     10.32     12.89     10.59      8.25      7.87     19.00     45.98     19.70     43.52
      7.52     37.24     15.01     58.19    135.11    148.96    103.45    232.75     62.00    183.90    232.75     54.72     39.17     88.14     88.14    148.96     58.19    183.90     37.24
      2.23      6.21     11.79     19.19     33.35     59.29     67.19    448.38   4035.43   1793.52  64566.81  64566.81  64566.81  64566.81  64566.81  64566.81  64566.81  64566.81  64566.81
      0.99      0.99      1.79      4.00     29.23     24.82     30.51     47.16     23.88     21.34     15.28     11.79     76.77    161.42    161.42    329.42   1008.86    645.67    797.12
      3.49      3.39      8.94     34.92     38.41    252.21  16141.70   2582.67    533.61   7174.09   1317.69    382.05     88.57     13.96      6.33      4.97      4.34     13.56     71.74
      8.15      4.80     15.76      9.84     12.81     11.18    533.61  64566.81  64566.81  64566.81  64566.81  64566.81  64566.81  64566.81  64566.81  64566.81  64566.81   2582.67     13.96
     11.53      5.76      7.63     12.91      9.94      5.20      7.54     19.12     79.72    142.16    150.28    180.27    180.27    190.42    110.95     51.82     58.01     88.56    117.94
      0.99      0.99      0.99      0.99      1.17      2.79      6.72      4.07     11.18     28.02    161.42    329.42    797.12   7174.09   1793.52  16141.70  64566.81   4035.43   1317.69
   1092.30   1092.30   2457.68   4369.21   4369.21   4369.21   4369.21   2457.68   1092.30   2457.68   4369.21   4369.21   4369.21   4369.21   4369.21   4369.21   4369.21   4369.21   4369.21
      1.93      5.29     52.29     26.68    132.35   1307.34    250.23   1307.34   4003.73   4003.73   1779.43   2562.38   4003.73   7117.73   4003.73   4003.73    132.35     24.63     10.53
      8.15      9.84     15.76      9.60     12.81     52.71   1317.69    448.38   4035.43    645.67    797.12   7174.09    252.21    103.31    103.31   1793.52    103.31   7174.09   2582.67
      2.01      1.80      1.71      4.84      4.52      6.92     15.89     33.61     33.61     77.38     36.89    180.27    147.56    200.85     53.12    112.98     96.27     29.46    180.27
      3.20     11.33    130.57    430.04    561.69    561.69    561.69    561.69    877.64   1263.80   1263.80   1263.80   1263.80   1263.80   1263.80   1263.80   2843.56   5055.21   5055.21
      1.93      8.29     13.41     11.99      7.53      6.65     25.67     41.72     76.29     98.88    116.12    192.67    141.64     77.38    123.46    135.00    135.00    190.42    226.74
      1.77      1.55      1.58      2.91      5.54     15.76     82.36    329.42   4035.43   1008.86     25.83     13.96      4.56     17.35     20.59    133.40   4035.43    178.86     25.83
     18.70     93.08    181.27    200.85    262.34    291.81    239.47    202.10    135.00     60.91     18.63      3.67      0.99      0.99      4.22     19.84     47.40     59.87     26.10
      2.01      2.01      2.52     47.81    552.72    552.72   1128.00   1535.33   1535.33   2210.88   2210.88   2210.88   2210.88   2210.88   2210.88   2210.88   3454.50   3454.50   3454.50
      2.96      2.84      3.85     12.87     46.06     48.65    157.63    321.69   2522.05    321.69   1751.42     93.27   1286.76   3940.70  15762.80   7005.69   3940.70   7005.69   2522.05
     29.21     29.21     69.15    324.60    467.42    730.35   1298.40    730.35    730.35   1298.40   1298.40    730.35    730.35    730.35    730.35    730.35   1298.40   1298.40   1298.40
      2.01      1.80      1.88      1.34      2.82      2.54      8.03     11.27      9.68     12.21     53.12    180.27    134.45     28.24     36.89     56.29     26.03     33.61     63.55
      1.55      2.14      2.16      2.30      1.98      2.52      4.01      3.21      9.25     12.28      9.29     17.88     16.87     25.58     28.96     29.94     35.98     26.03     44.43
      6.95      5.76     16.68     95.24    308.57    830.98   1298.40   1298.40    994.09    730.35    994.09    730.35    324.60    248.52    182.59    410.82    450.88    343.41    591.58
      2.63     17.55     13.87     64.71     21.87     16.84     70.21     76.45     91.70    631.89    280.84    206.33    631.89    334.22   1123.37   1123.37    825.33    499.27    825.33
      2.01      2.39      5.36     64.09    358.49    517.22    787.30   1808.92   4377.15   6839.29  10686.39  15388.40  15388.40  15388.40  15388.40  15388.40  15388.40  15388.40  15388.40
      0.99      7.97     19.87     42.45     36.60     95.51    103.31    199.28    382.05    533.61    448.38    448.38    161.42     36.60     88.57    178.86    103.31     95.51     88.57
  64566.81  64566.81  64566.81  64566.81  64566.81  64566.81  64566.81  64566.81  64566.81  64566.81  64566.81  64566.81  64566.81  64566.81  64566.81  64566.81  64566.81  64566.81  64566.81
      5.07      5.77     20.28     71.85    324.45    423.77   1297.80   2307.20   2307.20   2307.20   2307.20   1297.80   1297.80   1297.80   1297.80   2307.20   1297.80   2307.20   2307.20
     92.53     17.97     12.77      5.78      2.30      1.97     45.69     79.78    156.38    193.06     27.15     74.38     26.05    141.84     61.08    129.24     54.11    100.08     48.26
    112.10    112.10    146.41     33.35     76.77     76.77    223.41    797.12    797.12    797.12   1793.52   1793.52   1793.52   1317.69   1317.69   1317.69   1317.69   2582.67   2582.67
   1092.30    614.42    273.08    273.08    273.08    273.08    273.08     95.35      4.86      1.47      1.08      1.14      1.61      2.16      2.21      5.08     38.73     47.95     59.47
      5.65     10.33     57.67    165.99    226.74    239.47    276.01    291.81    254.20    254.20    239.47    158.88     82.59     59.87     59.87     70.30     77.38     83.22    123.24
      1.63      2.30     21.61     23.07    576.80    576.80   1297.80    830.59   2307.20   1297.80   1297.80   2307.20   2307.20   2307.20   2307.20   2307.20   2307.20   2307.20   2307.20
   1092.30   1092.30   2457.68   4369.21   4369.21   2457.68   1092.30   1092.30   1092.30   1092.30   1092.30   1092.30   1092.30   1092.30   1092.30   1092.30   1092.30   1092.30   1092.30
     15.96     22.09     36.53     71.38     74.95     56.29     69.00    107.19    148.24    107.40     67.86     77.56    186.76    202.00    104.12     96.55    105.47     77.72     46.42
      0.99      0.99      1.73      1.64      4.03      2.42      5.38     11.57     10.98     22.32     89.27    112.98     47.54    134.45    134.45     96.27     38.71     42.79     21.51
     92.53     17.97    100.08      7.23      1.71      1.26     69.50     57.44    108.59     61.08    118.24     54.11     33.83     15.27    156.38    278.00    108.59     69.50     69.50
      1.17     11.27     59.76     18.69     50.21     30.75     25.02    112.98     38.71     72.31     45.07    162.69     96.27     59.76    162.69    112.98    147.56    134.45     56.29
      4.34      6.09     11.48     11.18      8.15      8.15     10.35    103.31     11.79      7.15     18.55    161.42    161.42     19.19     19.19    178.86    122.05   2582.67    286.96
      8.34     14.82      5.24    382.05  64566.81  64566.81  64566.81  64566.81  64566.81  64566.81  64566.81  64566.81  64566.81  64566.81  64566.81  64566.81  64566.81  64566.81    448.38
     61.08    772.22    193.06    434.38    193.06     24.05     15.76      6.51      4.73      5.08      6.65     25.02     27.15    977.34   1276.53  15637.50  62550.01   2502.00  15637.50
      0.99      0.99      0.99      0.99      0.99      1.24      1.36      1.59      1.42      1.15      1.02      1.02      1.14      1.19      2.15     20.75     25.02    332.02    650.76
      0.99      0.99      0.99      0.99      0.99      1.16      1.03      2.61      2.17      3.73      7.36      5.10     15.89     47.54     67.72     20.75     53.12     45.07    332.02
      1.18      1.16      1.31      1.75      1.68      1.20      3.73    104.12      5.28      3.10      4.44     11.27     33.61     20.75     20.75      6.78     13.28      6.92      3.14
      6.67     17.20     46.67     70.90     86.11     89.27     96.55     82.59     65.62     67.72     81.37     66.85     99.67     96.51     38.71     37.80     55.28     56.39     67.45
     95.51      3.60      9.60      7.47      4.20      1.48      4.34      2.72      1.58      1.01      1.16      1.02      1.79      4.72      3.76      2.21      1.49      1.31      1.24
    363.56     12.16      3.29      6.81     41.74    168.58    614.42   1092.30   2457.68   2457.68   2457.68   4369.21   4369.21   4369.21   4369.21   4369.21   4369.21   4369.21   4369.21
      1.50      1.50      1.40      2.62    105.15    105.15     83.08    105.15    105.15     96.90     83.08     83.08     41.94     96.90     72.02     72.02     83.08     77.25     77.25
      8.91     28.63     44.04     69.77     73.10     50.29     47.54     76.77    117.94    128.67    103.96     83.22     70.03    147.56    152.98     93.37     78.05     17.44      3.16
      0.99      1.02      1.23     31.88     33.35     38.41    286.96    645.67   1008.86   1008.86    448.38    645.67    448.38   1317.69   1793.52   1793.52   1793.52   1317.69   1793.52
    645.67    645.67    797.12   1008.86    252.21    252.21    797.12    797.12    797.12    448.38   1793.52   1793.52   1793.52   1008.86    133.40    133.40   1008.86     44.71     44.71
      9.01      1.33      2.01     13.28     28.24     77.38     59.76     47.54     13.67      5.90      3.05     17.49     38.71     89.27     77.38     40.67     89.27     25.02     77.38
   1008.86    252.21   2582.67   7174.09    178.86    178.86     24.82      5.43      1.00      0.99      1.01      0.99      0.99      1.07      1.07     10.89    103.31    161.42   2582.67
      1.55      1.55      5.07    114.90    299.82    299.82   5630.00   5630.00   5630.00    418.76   5630.00   5630.00   1034.08   2026.80   5630.00   5630.00   5630.00  12667.50  12667.50
      4.53      7.40     42.52    116.59    120.55     69.77     46.29     43.92     50.92     70.90     89.51     68.27     45.07     71.55    108.51    117.94    105.47     92.73    135.00
      2.00     20.47     44.26    261.05   1421.29   1421.29   1421.29   1421.29   1421.29   1421.29   1421.29   1421.29   1421.29   1421.29   1421.29   1421.29    799.48    799.48    799.48
      2.71      2.68      2.68      0.99      0.99      0.99      1.73      1.73      0.99      0.99      0.99      0.99      0.99      0.99      0.99      0.99      0.99      1.26      4.43
    130.40    271.43    289.23    271.43    254.20    239.47    276.01    332.02    332.02    358.05    385.07    385.07    385.07    358.05    332.02    332.02    332.02    358.05    385.07
    112.68    396.12    958.52   1497.69   1497.69   2340.14   3369.80   3369.80   3369.80   3369.80   3369.80   3369.80   3369.80   3369.80   3369.80   3369.80   3369.80   2340.14   1497.69
      4.16     12.93     49.19     61.87     71.83    100.77    129.70    112.98     77.56     83.86     79.06     49.32     53.12     80.56    116.59    147.56     94.44     89.15    134.45
      1.96      1.04      1.06      1.53      8.66     25.73     28.47     47.60     74.82     95.99     98.88     57.56     53.34     49.19     67.46     75.19     36.17     87.81    117.24
      2.27      3.42      9.22     23.98     79.16    273.02    172.69    117.12    344.19    511.24    592.92    290.53    234.26    823.59   1815.83   2371.69   1334.08    592.92    511.24
     11.96      9.10     11.14     11.88      4.94      1.88      3.05      7.87     25.44     43.01     47.54    142.82    310.25    358.05    509.25    650.76    592.94    537.82    493.93
     88.57    161.42    797.12   1008.86  64566.81   7174.09  64566.81  64566.81  64566.81  64566.81  64566.81  64566.81  64566.81    112.10    112.10      1.13      0.99      0.99      2.72
     29.56     43.32     28.32     13.53      4.99      5.57      2.19      5.17      1.68      2.27      1.66     12.77     11.12     37.21     37.21    118.24    108.59     92.53     57.44
      4.25      4.74      8.42      8.42      7.14      7.65     11.28     47.81     42.65    327.05    863.63   1535.33   2210.88   2210.88   2210.88   2210.88   2210.88   1535.33    282.00
      7.52     29.53    105.95    451.60   1080.60   1815.83   1815.83   3001.67   5336.30   3705.77   2371.69   2371.69   2371.69   2371.69   2371.69   2371.69   3705.77   5336.30   5336.30
      1.46     72.31    254.20   1016.81   1328.08   1807.67   1807.67   1807.67   1328.08   1016.81    803.41    803.41   1328.08   1328.08   2603.04   2603.04   1807.67   1807.67   1807.67
      1.70      1.60      4.07      5.17     10.29     13.54     27.17     43.35    156.50    193.21    319.39    193.21    193.21    434.72    434.72    434.72    319.39    319.39    626.00
     54.11     92.53     85.80     69.50     85.80    156.38     29.56     57.44     85.80     61.08     74.38     54.11     92.53     18.59     51.06     43.32     18.59      8.66      7.39
      2.98     38.92    182.70    411.08    411.08    411.08    730.80    730.80    730.80    730.80    730.80    730.80    730.80    730.80    730.80    730.80    411.08    411.08    730.80
      5.57     11.33     37.50     79.76    199.95    286.67    241.77    275.09    764.13   2340.14   3369.80   3369.80   3369.80   3369.80   3369.80   3369.80   3369.80   3369.80   3369.80
  64566.81  64566.81  64566.81  64566.81  64566.81  64566.81  64566.81  64566.81  64566.81  64566.81  64566.81  64566.81  64566.81  64566.81  64566.81  64566.81  64566.81  64566.81  64566.81
      4.37      3.44     11.18     17.89     10.46     14.69     12.45      6.65     14.67     36.53     34.87     97.32    164.29    164.29    145.40     83.01    126.98    107.28     49.01
    448.38    645.67    286.96    382.05    382.05    252.21    533.61   1008.86     67.19     67.19    252.21      3.49      1.89      1.87      1.87     95.51    199.28   1317.69    645.67
      2.27      8.93     23.98     89.31    620.18   1815.83   3705.77   5336.30   5336.30   5336.30   5336.30   5336.30   5336.30   5336.30   5336.30   5336.30   5336.30   5336.30   5336.30
      1.16     12.01     92.39    190.42    285.53    385.07    385.07    417.82    546.82    823.62   1016.81   1167.26   1167.26   1016.81   1016.81   1016.81    906.97    803.41    803.41
    199.28    382.05    223.41    645.67   1793.52   1317.69   2582.67   1008.86    797.12   1793.52   2582.67   1793.52   1317.69   4035.43   1317.69    797.12   1793.52   2582.67   2582.67
      0.99      0.99      2.28     13.07     49.02    153.02    271.43    335.43    509.25    725.08    803.41    725.08    592.94    537.82    537.82    592.94    725.08    803.41    803.41
      5.84     12.70     29.53     53.36    198.48    273.02    333.52    333.52    179.36     89.37     28.35     40.35     85.81     94.87     85.96     63.61     12.63      7.57      7.17
      1.46     21.51     18.69     23.17     63.55     23.17    147.56     47.54    200.85     77.38     38.71    147.56     20.75     59.76     59.76     56.29     42.79     96.27     67.72
     60.21    158.88    276.01    358.05    417.82    451.92    493.93    537.82    537.82    493.93    417.82    385.07    509.25    592.94    537.82    458.26    385.07    458.26    493.93
      0.99      0.99      0.99      1.26     12.40     13.62     14.13     76.81    134.45    204.52    289.23    310.25    389.66    493.93    592.94    451.92    243.03    313.83    313.83
     19.19     59.29    223.41   2582.67  64566.81  64566.81  64566.81  64566.81  64566.81  64566.81  64566.81  64566.81  64566.81  64566.81  64566.81  64566.81  64566.81  64566.81  64566.81
      0.99      2.48     59.76    332.02    537.82    803.41   1328.08   1328.08   1328.08   1328.08   2603.04   1807.67   1807.67   4067.25   2603.04   2603.04   2603.04   1807.67   4067.25
    252.21     63.05    199.28   1317.69   1317.69    329.42    223.41    645.67   1317.69    161.42   1317.69   1317.69    448.38    797.12    797.12    382.05   1008.86    382.05    223.41
     92.53     54.11     65.09     37.21    141.84     32.31      9.30      1.71      2.22      1.58      2.41     35.46      5.67      3.54      4.81      1.89     28.32     23.13     74.38
     61.08     16.81     45.69  62550.01  62550.01  62550.01  62550.01  62550.01  62550.01  62550.01  62550.01  62550.01  62550.01  62550.01  62550.01  62550.01  62550.01  62550.01  62550.01
      2.00     18.92     18.92     44.26     88.83    511.66    799.48   1421.29   1421.29   1421.29   1421.29   1421.29   1421.29   1421.29   1421.29   1421.29    799.48   1421.29   1421.29
      4.25      4.93     26.26     82.59     87.49     91.51    129.70    147.56    163.51    202.10    225.18    212.84    200.85    212.84    225.18    239.47    239.47    239.47    254.20
      3.49     13.56     11.48      2.46      3.76     16.27      2.23     10.09     33.35     10.89      9.37     12.46     31.88    161.42  16141.70  64566.81  64566.81  64566.81  64566.81
     61.08  62550.01   2502.00   1737.50    244.34     30.89  62550.01    193.06    129.24   3909.38     39.09    625.50    216.44     32.31     32.31      6.79      2.86      3.06      2.09
      1.82     12.16     28.16     62.00     33.78     35.45    165.05     62.00     22.04     41.26     66.21     43.52     88.14     88.14     95.34    112.64    112.64     48.64     62.00
      0.99      1.26      3.86     11.34     57.31    123.02    135.01    147.56    155.04    181.27    212.84    239.47    291.81    310.25    289.23    335.43    417.82    451.92    346.00
      2.69      4.80      9.15     25.83     71.74  16141.70    133.40  64566.81  64566.81  64566.81  64566.81  64566.81  64566.81  64566.81  64566.81  64566.81  64566.81  64566.81    286.96
      1.09      2.99      4.45      4.40     15.17     15.91      4.20      4.09      4.51      6.51      9.04     22.81     66.77     89.27     36.64      9.46     11.04      9.57      9.33
      2.23      2.64      7.39    103.01    427.46   1094.29   1709.82   2671.60   5236.33  10686.39  15388.40  15388.40  15388.40  15388.40  15388.40  15388.40  15388.40  34623.91  61553.61
      4.34     15.76     11.48     15.28      9.15      5.97      2.91      5.43      3.34      4.00     22.14      7.31     11.79      6.86      6.86      7.80     12.46      8.34      8.94
      3.06      3.09      2.61      2.61      2.61      3.12      3.93      4.49      4.80      4.80      3.83      2.96      3.78      4.53      9.56     11.29      5.17     13.44     19.19
      2.47      4.10     28.90    121.59    759.92   1709.82   3847.10  10686.39  15388.40  15388.40  15388.40  15388.40  15388.40  15388.40  15388.40  15388.40  15388.40  15388.40  15388.40
      3.56     14.91     22.76     38.92     81.20    102.77    134.23     65.77    134.23    411.08    730.80    411.08    411.08    411.08    263.09    263.09    730.80    730.80    730.80
      3.69      1.74      2.44      2.41      4.00      7.69     16.81     30.78     41.97     73.10     63.09     60.23    110.71    204.52    289.23    289.23    197.37    142.16    205.90
      6.59      4.20      1.91      3.44     16.27    112.10     59.29    112.10     47.16     40.35     14.82     12.12     67.19    252.21    645.67   1008.86    797.12   4035.43  64566.81
      1.55      3.70      5.07    225.20    351.88   2026.80   5630.00    791.72   2026.80   5630.00   2026.80   3166.88   3166.88   5630.00   5630.00   1407.50   3166.88   5630.00   5630.00
      5.33     22.05     47.40    190.37    417.82    451.92    546.82    509.25    509.25    592.94    537.82    537.82    537.82    537.82    458.26    509.25    650.76    650.76    725.08
      5.08      9.73     22.76     25.69     65.77    102.77    102.77    263.09    102.77    102.77    263.09    411.08    411.08    411.08    411.08    263.09    263.09    411.08    411.08
