      3.16      3.00      3.38      2.82      6.55      4.78     22.89     13.63     72.69    174.26     93.52     97.90     24.99     35.93     35.93    120.62    240.26    378.87    403.43
     40.68     38.71     65.16     96.93    228.73    283.12    304.27    307.43    286.04    204.88    217.53    111.44    209.01    169.85    169.85    191.13    263.57    301.14    320.42
      4.85      3.60      3.48      4.98      9.06     14.36     21.07     34.37     66.26    133.17    265.73    339.71    348.62     92.67     11.65      7.29     16.84    155.90    354.08
      1.24      1.37      3.25     15.68    129.38    230.72    226.19    270.68    305.59    321.56    321.56    302.51    299.45    299.45    276.18    284.67    293.44    302.51    305.59
     49.45     17.77     14.35      5.91      4.42      6.43     19.12     22.09     89.96    197.80    258.67    295.60    297.50    315.17    319.26    315.17    313.16    307.18    323.39
    175.11    175.11    253.92    291.19    298.72    298.72    325.97    324.29    324.29    295.68    283.86    283.86    303.34    230.83    204.88    204.88    261.73    314.43    314.43
      6.43      9.37     33.57     53.29     63.29     68.47     99.77    133.09    153.49    162.59    182.63    190.83    213.67    201.40    214.73    195.56    200.42    187.14    192.71
      1.02      1.00      1.00      1.24      2.14     11.86     17.83     73.47     19.32     18.69     69.99     65.82    117.82    102.08    102.08     90.67    147.73    152.03    178.24
      1.00      1.00      1.00      1.08      2.21      2.21      4.56      2.06      2.06      1.16      1.10      1.10      1.00      1.00      1.00      1.00      1.02      2.32      2.32
      4.91      9.72     16.54     51.79    217.43    257.80    384.86    388.90    403.43    403.43    403.43    403.43    403.43    403.43    403.43    403.43    403.43    403.43    403.43
      3.07      5.60     18.78     23.16     27.18     19.36      6.82      9.44      6.26     11.43     33.53     80.91    114.57    125.09    131.39    115.69    116.26    111.29    105.53
    116.18     92.75     86.27     41.80     11.50      5.74      7.24      8.63     21.67     44.84     53.29     86.66     82.48     70.60     70.60     77.83     93.17    108.38     63.84
      7.35      8.48      8.14     11.35     16.16     72.31    191.47    297.67    302.33    346.19    344.38    344.38    337.25    359.15    359.15    359.15    362.95    359.15    362.95
     10.56     22.42     63.02    107.38    103.97    123.45    123.45    147.03    181.74    168.18    160.26    163.38    182.63    173.97    188.97    188.97    169.81    156.46    128.17
      1.03      1.06      1.07      1.07      2.18      3.50     21.04     20.65     60.87     81.75    112.46    127.57    137.57    125.20    125.20    120.03    142.89    144.26    138.22
      5.04      6.88      7.56     16.65     29.34     54.44      8.99     24.00     67.57     56.82     79.94     82.11     97.07    105.42     98.41     88.64    126.38    126.97    112.99
      2.59      2.94     11.73     79.47    247.61    355.93    378.87    403.43    403.43    403.43    403.43    403.43    403.43    403.43    403.43    403.43    403.43    403.43    403.43
      1.00      1.00      1.02      1.08      1.13      1.13      1.95     18.04     18.04    155.90    273.94    273.94    188.43    161.26    194.06    194.06    339.71    403.43    403.43
      1.98      2.97      2.33      5.19      5.15      5.28     24.65     18.22     15.62     39.78     38.04     60.08     62.20     60.61     80.30     68.77     79.94     68.77     80.66
     21.11     31.74    103.02    139.54    144.26    125.20    125.20    131.84    129.38    136.92    122.87    122.87    121.73    120.03    127.57    128.17    116.72    118.37    132.47
      5.80     13.40     50.01    100.69    103.97     90.67     92.33    112.46    134.99    147.73    135.63    129.38    116.72     97.51    103.97    118.37     97.07     79.94     42.32
      1.00      1.39      2.46      4.50      6.02     37.88     28.43     27.03    136.92    139.54    138.22    138.22    193.65    189.90    185.32    211.57    210.53    219.03    241.95
      1.02      1.02      1.14      1.38      2.48      2.48      5.05      9.76      9.76     13.87     14.76     14.76      9.02      3.08      1.29      1.29      1.00      1.02      1.02
      4.79     12.54     36.38     65.08     86.00     77.93     51.71     56.04     43.00     48.39     60.78     70.69    100.64     65.98     43.57     30.13     26.01     34.58     30.89
      5.94     34.24    102.55    152.76    166.56    174.82    182.63    201.40    202.39    212.62    215.80    206.42    197.49    195.56    188.97    186.23    159.50    152.03    147.03
    154.23    189.90    214.73    224.52    226.77    226.77    226.77    230.17    225.64    226.77    224.52    224.52    229.03    239.54    243.16    243.16    234.81    231.32    222.31
      1.99      2.21      2.33      2.97      5.08      9.92     16.78     23.89     34.86     46.24     55.75     66.60     78.43     79.51     73.24     67.51     69.36     78.43     90.08
      1.04      1.26      4.37     12.05     39.79     80.55    124.07    180.31    236.68    276.74    286.77    294.18    303.34    304.90    304.90    309.63    312.82    320.97    325.97
      1.80      2.96     12.11     34.77     75.56    100.48     79.06    111.42    145.70    163.81    186.28    210.05    227.72    232.39    237.16    234.76    239.59    249.57    252.14
     38.19     44.32     39.63     37.88     39.15     51.14     65.40     39.15     54.99    115.11    206.91    300.26    102.03    113.51    102.03     58.91     24.89      3.99      1.65
      1.03      1.03      1.07      1.42      4.16      4.16     14.21     20.19     20.19     57.06     94.88     94.88    102.55    112.46    125.79    125.79    141.54    155.71    155.71
      3.87      6.99     40.62    336.21    401.32    403.43    403.43    403.43    403.43    403.43    403.43    403.43    403.43    403.43    403.43    403.43    403.43    403.43    403.43
     19.56    199.88    211.05    259.10    215.28    218.51    282.42    261.73    255.21    230.83    256.50    303.34    319.32    306.47    250.12    243.91    263.06    228.53    196.95
      2.67      1.62      1.19      1.39      7.61     16.70    159.01    249.52    397.03    403.43    403.43    403.43    403.43    403.43    403.43    403.43    403.43    403.43    403.43
      3.87      3.78     40.62    202.86    380.86    403.43    403.43    403.43    403.43    399.22    399.22    399.22    403.43    403.43    403.43    314.43    189.36    369.12    255.21
      1.11      1.31      1.14      1.41      1.36      1.23      1.23      1.23      1.32      2.14      3.06      5.07      4.05      7.82     24.64     24.64    109.18     56.80    212.92
      5.40      6.95     27.45    102.08    133.09     72.82     51.08     17.83     14.41     47.75     42.67     30.51     42.14    129.99    158.73    131.22    138.88    126.97    149.87
    206.91    240.26    265.73    267.08    286.77    265.73    230.83    117.83    175.11    121.76     67.44     57.65     67.14     74.99     74.99     55.22     83.88    112.98    179.43
     28.74     32.11     38.04    140.99    371.05    403.43    403.43    403.43    403.43    403.43    403.43    403.43    403.43    403.43    403.43    403.43    403.43    403.43    403.43
      2.90      4.21      3.23      2.99      2.39      2.14      2.10      1.69      1.86      1.83      3.41      3.06      5.90     15.31      7.42     23.41     11.97     38.57     87.61
      1.00      1.17      3.13     12.51     12.51     50.86    152.03    177.38    221.21    215.80    223.41    199.43    199.43    152.76    122.87     17.83      3.95      1.37      1.32
      5.41      7.05     16.13     68.77     57.31     91.91     91.91     91.08     40.94     12.68      9.22     21.59      8.99     13.35     12.39     12.39      9.80     16.65     13.26
      1.65      1.67      1.86      2.20      3.58      4.46      7.09      8.52     21.92     50.01     66.11     87.05     86.27    114.57    118.37    116.18    104.45     98.86     76.46
      5.94     20.80    102.55    137.57    163.38    194.60    201.40    213.67    221.21    181.74    184.42    190.83    198.46    191.77    151.30    154.97    146.33    145.64    136.27
      4.02      4.02      3.34     30.98    272.55    272.55    401.32    348.62    348.62     80.55     17.09     17.09      6.89      7.03     15.08     15.08     11.01     37.88     37.88
      6.60      9.07     30.91    114.71    264.13    367.46    374.36    388.60    395.94    403.43    403.43    403.43    403.43    403.43    403.43    403.43    403.43    403.43    403.43
    146.33    116.72    129.38    119.48    116.18    124.61    125.20    153.49    149.87    139.54    130.61    121.16    129.99    140.20    147.73    148.44    156.46    156.46    150.58
      1.46      3.16     11.96     70.34    120.65    105.35    152.38    145.92    127.08    101.05     45.86     80.44     67.30     49.70     26.13      9.52      9.16      6.63      8.76
      4.08      5.47     70.92    118.37    177.38    179.98    203.39    198.46    190.83    172.29    176.52    188.97    153.49    157.97    152.03    166.56    167.37    144.95    154.97
      1.28      2.56      4.53     16.71     38.82     59.83     21.92     27.56     15.79     44.29     77.48    124.03    121.16    129.38    129.38    162.59    172.29    132.47    100.69
      1.03      1.03      1.01      1.16      2.47      2.79     13.96     70.60     79.58    164.96    209.49    209.49    196.52    224.52    227.90    225.64    188.05     87.05     79.94
      1.19      2.01      2.69      6.54      8.53     12.80     26.46     30.78     33.93     77.64     78.35    144.29    142.90    159.06    210.05    207.94    230.04    234.76    244.52
      1.04      1.06      1.32      1.67      3.93     13.40      6.91     17.14     39.14     47.95     74.12     69.07     75.11     77.48     68.47     89.85     63.84     77.83     89.04
      1.93      7.05     12.56     76.46     76.46     83.23    102.08    111.43    110.40     92.75     95.31    126.97    126.97    144.95    158.73    138.22    138.88    131.84    158.73
      1.41      4.49     14.82     66.11     74.78     89.04     87.05    126.97    135.63    132.47    116.72    111.43    126.38    103.02     58.05     27.24      6.66      1.68      2.29
      1.70      1.75      1.33      1.34      1.82      3.50      8.18      5.52      9.89     20.46     38.44     60.40     20.80     28.02     33.20     37.39     49.30     33.05     77.44
      1.00      1.00      1.03      1.15      7.18     15.95    107.88    105.91     43.92      9.25      7.20     20.34     54.20    217.94    217.94    244.38    253.10    258.24    243.16
      1.86      2.85     19.27     93.94    233.71    331.23    349.25    376.28    382.37    384.42    384.42    384.42    386.48    384.42    384.42    384.42    384.42    392.74    399.12
      1.98      5.80      7.65     69.07     57.80     65.82     86.27     89.04     97.96    111.94    117.82     99.31    124.03    108.38     99.31     93.17    109.89    115.64    112.46
      6.84     10.42     57.80     82.85     95.31     98.86    107.88    108.38     98.41    115.64     99.77     99.77     90.67    117.27    117.27    122.87    111.94     99.31     94.45
      1.26      1.24      2.08      1.70      2.06      2.50      4.39     12.34      6.84     12.43     38.66     27.56     29.57      6.78      6.78      5.02      7.81     24.27     18.69
      5.33     17.11     59.35    191.88    267.01    332.30    362.08    375.33    378.04    380.77    383.53    389.10    394.77    400.52    403.43    403.43    403.43    403.43    403.43
      1.51      1.54      2.09      4.35     15.94    218.70    307.68    340.11    358.65    366.37    374.28    380.33    380.33    376.28    360.57    263.11     95.27     31.21     14.30
      2.19      3.54      5.17      9.39     15.77     22.00     24.79     32.88     28.33     44.72     88.48    156.66    179.62    219.54    219.54    241.15    216.14    237.39    252.82
      7.15      7.15     89.75    252.82    273.67    273.67    291.69    301.18    301.18    287.07    269.35    269.35    287.07    287.07    296.40    296.40    301.18    301.18    301.18
    126.43    280.99    363.40    399.22    399.22    348.62    139.65    131.92     24.42      2.79      1.19      1.02      1.00      1.14      1.81      2.88      3.09      1.14      1.09
      5.80     13.40     26.62     93.17    106.89    104.93    107.88     93.17     96.63     97.96     95.75     87.84    117.82    123.45    134.36    120.03    105.42     83.23     95.75
      5.33     15.28     40.86     80.46    157.92    261.48    247.32    332.30    362.08    369.96    378.04    378.04    378.04    378.04    378.04    380.77    391.92    400.52    400.52
      3.71      3.92      4.98     33.19     61.16     96.46    247.32    294.58    320.69    332.30    341.92    296.67    292.51    252.53     86.15     60.79     34.89     43.76     53.97
      1.75      1.32      2.39      4.79     13.77     35.64     79.87    211.62    229.40    242.16    251.54    257.09    301.48    309.95    311.67    306.53    303.16    318.67    315.15
      1.12      1.67      3.90     10.12     19.68     38.35     55.85     96.63    115.11    118.92    131.84    134.36    149.87    131.22    122.30    129.99    158.73    141.54    116.18
      1.18      1.19      1.58      3.86     10.70     24.18     35.51     19.11     32.51     59.06     85.12     93.17     83.23     89.04    103.02     90.67    119.48    124.61    128.78
    134.99    136.92    152.76    144.95    125.20    124.61    130.61    121.73    144.95    195.56    174.82    173.97    158.73    166.56    166.56    166.56    142.89    142.21    131.84
      1.86      4.98     19.27     93.94    233.71    352.98    366.37    376.28    384.42    386.48    388.56    388.56    392.74    388.56    384.42    386.48    388.56    392.74    401.27
      2.46      1.50      1.07      1.04      1.08      1.14      1.05      1.01      1.12      1.52      2.52      3.16      6.36     26.37    113.51    222.91     91.00     15.30      2.50
      2.70      2.70     13.12     47.95     29.68     29.68     20.27     30.39     30.39     28.99      8.74      8.74     11.16     45.22    114.04    114.04    107.38    111.94    111.94
      3.80     19.39      2.85      2.03      6.23      5.09      5.09      4.84      6.11     41.11    111.43     65.82    147.03    156.46    158.73    158.73    128.78    143.57     13.92
     16.65     53.52     91.91    102.08    102.08    131.22    134.99     98.41     91.08    104.45    105.91    111.43    111.43    109.89    129.38     87.84     92.75     98.86    107.88
     91.91     95.31    107.88     93.59     53.74     27.24     11.54      4.08      1.69      1.10      1.01      1.02      1.10      1.51      2.25      4.19      8.55     15.84     24.74
      1.93      1.49      1.82      1.26      1.26      3.14      5.31     39.30     16.59     30.39     33.57     89.04     89.04    118.92    118.37    133.72    118.37    106.39     93.17
      5.40     11.66     41.80    120.03    152.03     90.67     43.20     26.51     35.79     75.78     90.26     21.04     12.73     16.53     59.06    103.02    153.49    146.33    127.57
     85.40     85.40     79.12    191.22    180.31    180.31     51.36      7.31      7.31      1.82      1.41      1.41      2.40     30.49    183.87    183.87    219.60    240.26    240.26
      1.13      1.03      1.74     26.01     26.01    176.52    214.73    250.58    253.10    255.66    253.10    268.86    268.86    271.59    271.59    259.54    259.54    263.49    258.24
      7.82     13.63     41.81     45.63     48.20     28.96      9.78      9.81     27.21    184.77    306.47    399.22    403.43    403.43    403.43    403.43    403.43    361.52    311.22
      1.74      1.74      4.62     13.77     24.99     24.99     64.83    121.76    121.76    204.88    332.76    332.76    397.13    382.85    401.32    401.32    403.43    403.43    403.43
      2.19      1.11      1.29      1.31      4.64     76.12     76.12    194.60    246.84    256.95    243.16    239.54    230.17    234.81    248.08    248.08    267.51    271.59    270.22
      3.13      2.21     14.31     98.35    253.92    311.22    300.26    282.42    279.56    283.86    324.29    322.62    288.23    280.99    272.55    214.21    151.47    112.98    143.70
      4.13     25.28    276.74    365.30    403.43    403.43    403.43    403.43    403.43    403.43    403.43    403.43    403.43    403.43    403.43    403.43    403.43    403.43    403.43
      5.33     17.11     40.86    128.76    205.38    292.51    349.33    364.69    372.63    380.77    386.30    389.10    380.77    380.77    389.10    397.63    403.43    403.43    403.43
      5.79     10.52     34.52     84.35    171.46    190.83    200.42    206.42    210.53    204.40    191.77    164.96    126.38     98.41     87.84     81.38     82.48     81.38     85.50
      3.97     17.33     77.40    132.14    218.47    255.92    271.07    271.07    278.11    290.93    300.47    298.53    302.42    300.47    296.61    306.36    314.41    314.41    312.38
    216.35     16.31      2.13      1.03      1.00      1.00      1.00      1.00      1.05      1.13      1.35      1.52      2.29      4.81     16.08     46.80     96.12     99.71     56.67
     92.36     48.18     19.81     10.71     14.41     28.05     75.17     54.61     59.08     45.77     56.80     62.57     26.86     28.05     37.57     38.36     22.28     10.29     12.01
    374.94    376.90    222.91    292.68    334.48    350.43    359.64     81.64     68.94     68.94     38.51     16.25      1.44      1.19      1.06      1.01      1.00      1.09      1.20
      9.71     89.62    220.77    334.93    360.69    381.41    388.60    395.94    374.36    381.41    388.60    403.43    403.43    403.43    403.43    403.43    388.60    374.36    367.46
     12.43     12.43    121.73    181.74    185.32    185.32    173.97    203.39    203.39    198.46    186.23    186.23    169.81    154.97    153.49    153.49    175.67    162.59    162.59
      8.26     37.42     58.80     83.98     79.23     74.78     75.44    104.93    122.87    121.73    123.45    120.60    120.03    116.72    122.87    132.47    167.37    168.99    177.38
     11.47      3.78      4.49      1.40      1.40      1.90      2.35      4.85     11.05     92.33    118.37    213.67    229.03    237.16    255.66    262.17    267.51    260.85    254.38
      1.83      2.24      3.41      6.80     16.66     45.07    111.87    223.20    309.30    352.98    366.37    374.28    380.33    382.37    384.42    382.37    380.33    378.30    380.33
     34.80     46.13     70.57     81.47     72.48     64.59     68.71     89.24    137.27    206.93    266.27    307.43    327.14    334.01    334.01    334.01    334.01    334.01    334.01
      2.09      2.79      1.98      3.89      5.72      9.75     12.21     21.23     23.50     17.78     11.27      6.65     15.40     51.36     51.36     54.99    102.51     80.55    108.86
      5.54      5.22      3.04      1.81      1.27      1.08      1.01      1.00      1.00      1.00      1.00      1.01      1.08      1.29      1.70      1.86      2.25      2.80      4.09
      1.53      1.11      1.26      1.54      2.45      2.70      2.70      3.66     13.68     20.26    168.52    303.79    328.67    363.98    363.98    363.98    368.15    368.15    363.98
     35.33     10.65     20.79      9.08     24.62     28.49     55.45     25.30     38.14     14.31      4.08      3.06      2.46      7.45      7.45     23.33     21.16     12.77      8.49
    219.42     58.49      2.98      2.45      4.55     16.11     54.75    266.10    305.19    323.81    336.91    364.88    395.38    403.43    403.43    403.43    403.43    403.43    403.43
      3.98      2.62      1.92      1.17      1.20      1.48      1.84      1.79      1.92      2.46      2.47      6.13      3.45      1.86      1.94      1.41      1.82      1.61      1.75
    372.99    198.90    170.08     17.27      9.38      7.07      4.22      8.32     20.37    202.86    268.44    401.32    403.43    403.43    269.80    116.19      5.39      2.34      1.75
      5.15     10.22      9.30      5.62      2.84      2.13      2.13      5.60      4.91      6.46     15.02     22.11     60.57     79.48     79.48     78.34    100.09     96.68    101.60
      2.65      2.65      3.59     32.51    111.43    111.43     93.59     87.05     87.05     80.66     71.54     71.54     70.60     57.06     48.76     48.76     22.08     30.15     30.15
      1.25      1.88      2.41     26.41     57.31     85.89    115.11    127.57    120.60    124.03    104.45    125.20    113.51    114.57    120.60    119.48    110.40    104.93     91.49
     58.91     72.69     47.39     28.29     12.01      4.12      5.14      1.86      1.13      1.12      1.46      7.87     20.22     25.67     63.70     55.94    142.34    139.65    138.33
      5.09      6.63     92.75    110.91     95.75     97.51    106.89    125.20    121.16    132.47    129.99    125.79    106.89    115.64    129.99    112.46    110.91    118.92    125.79
      1.55      3.69      8.23     19.04     31.74     77.48     96.19     96.19    103.97     98.41    116.18    108.88     96.19     78.88     76.12     80.30     94.02    112.99    118.37
     11.47     83.23    106.89    190.83    190.83    232.48    245.60    266.16    264.82    260.85    243.16    226.77    226.77    244.38    262.17    272.97    270.22    264.82    253.10
      1.00      1.00      1.00      1.07      2.10      5.14     19.92      5.74      3.51      3.25      8.22      4.97      4.53      2.10      2.10      1.59      1.49      1.79      1.39
      1.92     11.63     22.46     23.67     20.23     35.68     21.31     12.19      7.19      4.29      5.53      5.53      5.45     11.57     32.80     29.57     62.64     99.95     44.86
     23.06    143.02    104.42    107.85     35.93      8.34     28.62      4.77      1.43      1.02      1.00      1.00      1.00      1.00      1.00      1.00      1.00      1.00      1.00
      1.42      2.56      6.07      7.04      7.04     12.94     16.51     19.47     11.50      9.85      6.16     13.74     13.74     29.17      9.74     12.86      5.81      4.07     17.58
      1.03      1.04      1.60     30.27     30.27    187.14    229.03    241.95    208.46     25.71      6.82      3.76      3.76     50.43    142.89    245.60    253.10    245.60    227.90
      3.98     44.32     86.57    294.18    332.76    382.85    399.22    399.22    399.22    403.43    403.43    403.43    403.43    403.43    403.43    403.43    403.43    403.43    403.43
    124.03    133.72    148.44    125.79    126.97    122.30    142.21    127.57    145.64    137.57    164.96    155.71    155.71    147.03    147.73    156.46    168.18    158.73    156.46
     58.91     47.19      9.20      4.16      1.88      1.21      1.03      1.00      1.00      1.00      1.01      1.17      1.28      1.69      3.22      8.77     22.46      7.14      7.10
      7.09     10.15     25.22     90.67     94.45    108.38    108.38     29.80      6.23      5.49     11.86      9.13     71.86    112.99    134.99    134.99    150.58    161.81    197.49
      5.87     25.71     50.65    106.39    117.82    114.57    116.18    104.93    105.42     81.75     96.63     95.75    102.08    112.99    117.82    107.88    103.50    107.88    100.69
      3.59      2.23      3.51      7.19     16.21     29.29     61.37    151.40    257.83    301.16    308.50    290.50    267.19    248.83    251.79    287.04    339.87    388.80    403.43
      4.55      9.91     26.22     33.92    119.44    157.48    232.49    263.22    287.88    309.41    317.93    317.93    326.71    329.69    329.69    320.83    323.75    317.93    329.69
      6.72      8.11     32.51    120.60    181.74    202.39    207.44    216.87    223.41    230.17    235.98    239.54    235.98    203.39    138.88     23.46      2.87      1.12      1.00
    403.43    403.43    403.43    403.43    403.43    403.43    403.43    403.43    403.43    403.43    403.43    403.43    403.43    403.43    403.43    403.43    403.43    403.43    403.43
      1.03      1.00      1.22      1.04      1.42      1.18      2.28      1.70      9.10     70.92     45.41     98.41     57.31    143.57    143.57    169.81     89.85    104.45     75.44
     10.56     22.42     63.02     73.47    103.97    111.94    129.99    134.36    158.73    168.18    167.37    164.17    184.42    202.39    202.39    195.56    166.56    167.37    124.03
      1.03      1.02      1.00      1.00      1.00      1.18      1.26      2.84      9.89     48.35     46.76    121.16     65.82     20.88     27.77     10.32     70.92     91.49    179.98
      8.67      8.67     34.13    100.77    161.80    161.80    180.32    195.74    195.74    206.82    212.61    212.61    212.61    215.57    224.74    224.74    234.33    247.82    247.82
      1.42      2.85     11.63     50.06    132.78     70.78    118.40    184.06    240.41    294.37    310.52    324.72    342.70    355.28    365.05    355.28    361.76    361.76    358.51
      1.04      1.26      2.63      8.48     32.62     71.42    114.04    158.94    182.08    208.97    222.91    233.15    231.99    233.15    234.32    242.68    251.38    260.41    271.17
      7.06      2.06      1.35      1.87      9.72     81.21    300.42    397.03    401.28    403.43    403.43    403.43    403.43    403.43    403.43    403.43    403.43    403.43    403.43
    132.47    131.22    153.49    123.45    140.87    133.09    125.79     75.44     49.17     45.41     56.09     76.12    100.23    119.48    128.17    124.03    126.38    136.92    143.57
      1.38      1.02      1.15      3.09     26.62    118.92    161.81    176.52    192.71    201.40    193.65    179.11    167.37    166.56    171.46    201.40    203.39    200.42    188.05
      2.34      2.33     16.89     11.89     68.17     49.38    161.04    170.63    256.95    290.08    284.25    296.04    303.68    308.37    308.37    306.80    306.80    311.53    311.53
     23.77     20.15     12.38     23.15     32.88     30.25     20.91      7.10      5.74      4.61      4.36      4.22      8.48     10.79     21.55     56.91    130.67    384.86    397.13
      7.29     16.59     19.11     53.06     65.53     44.84    134.99    103.02     72.50    140.87    147.03    188.97    193.65    188.05    188.05    187.14    195.56    202.39    203.39
     63.84     45.79     73.79     70.60     93.59     72.50     46.56     71.23     77.48     47.95     70.92     51.51     71.54    100.23     93.17    115.64     81.38     94.88     95.75
      5.94     21.27     17.39    119.48    179.98    178.24    178.24    181.74    200.42    202.39    219.03    223.41    221.21    243.16    254.38    254.38    224.52    222.31    217.94
      6.99      5.87     53.36     55.94     50.71     56.18     28.74     55.46     12.17      2.88      1.56      1.15      1.10      1.02      1.08      1.36      1.67      1.33      1.36
      3.38      9.87     51.03    147.52    212.81    237.39    256.85    282.52    296.40    301.18    301.18    296.40    291.69    291.69    296.40    301.18    301.18    296.40    287.07
      4.94     10.53     36.70     83.51     83.51    101.48    233.99    205.38    245.61     60.43     40.86      7.37      7.37      6.31      5.82     21.73     19.91     19.02    103.43
      1.39      1.89      3.48     12.21     37.12     37.12     49.02     43.22     52.46     31.60     23.50     27.53     12.68     50.49     50.49    130.06     70.47    107.35    162.82
      3.93     10.42     16.71     93.17     93.17     98.86     97.96    108.38    105.91    100.69    109.89     76.46     76.46    101.61    102.08    103.97    101.61    101.15    103.50
      2.28      1.08      1.11      1.18      1.38      1.73      2.87      5.70     36.44     45.25     40.58     40.58    117.00     42.84     16.20     80.73     84.81     99.48    284.08
    132.47    105.91    106.39     91.49    112.99    117.82     85.12     51.51     28.32     11.20     21.84     64.40    103.02    130.61    115.64    131.84    128.78    159.50    157.21
      1.94      5.72     24.10    175.41    307.72    329.08    341.25    330.79    343.02    343.02    337.72    346.61    353.90    363.25    361.36    363.25    365.16    370.93    368.99
    323.81    343.68    323.81    323.81    343.68    364.88    364.88    364.88    350.59    357.66    343.68    343.68    372.26    387.50    372.26    372.26    372.26    379.80    403.43
      1.00      1.00      1.00      1.04      1.06      1.38      2.71      3.89     10.93      4.25      1.43      1.00      1.00      1.01      1.18      1.39      1.29      1.28      1.02
      1.25      1.15      2.13      2.53      4.07     10.05     41.62     30.04     31.87     32.13     52.61     82.11     53.97     78.18    117.27    114.57    116.18    100.23     92.75
      7.09      7.09     25.22     90.67    115.64    115.64    115.11     34.94     34.94      5.92      4.84      4.84      8.96     52.17    139.54    139.54    158.73    195.56    195.56
      1.96      7.60     89.29    285.89    328.48    330.40    340.17    342.17    334.27    334.27    346.19    358.57    354.39    356.47    354.39    336.23    336.23    338.19    356.47
      1.00      1.00      1.05      1.05      1.05      1.32      3.24     24.80     45.63     19.06      4.06      1.37      1.04      1.00      1.07      2.40     15.30     85.40    182.08
      5.54      5.22     33.02     12.34      5.47      3.08      1.89      6.02      2.90      1.67      1.19      1.05      1.80      1.34      1.09      1.01      1.00      1.09      1.01
    111.43     38.51      7.26      2.01      1.22      1.17      1.47      2.83      8.55     29.80     80.30    131.22    128.78    152.03    165.76    160.26    129.99    118.37    128.17
      1.53      1.53      1.26      1.54      1.95      1.95      2.53      7.57      7.57     62.77    238.02    238.02    336.18    355.79    363.98    363.98    363.98    363.98    363.98
    211.72    277.35    313.16    321.32    329.71    336.16    338.34    334.00    336.16    340.54    342.75    347.22    338.34    338.34    329.71    323.39    323.39    329.71    334.00
      4.08      4.64      6.66      7.24      8.21      4.30      5.12      7.20      4.54      3.20      1.81      1.81      2.68      3.73      6.51      6.47      5.22      4.38      4.45
      5.50      5.50     42.98    175.74    246.33    246.33    257.56    269.34    269.34    269.34    285.36    285.36    300.47    302.42    302.42    302.42    296.61    298.53    298.53
      3.36      3.92     10.07     18.54    133.91    201.22    309.52    313.94    290.46    163.27    150.75     35.29     40.62     18.54     18.54     13.35     13.35     30.90    103.43
      5.26      4.64     11.82     31.12     11.93     26.41     26.41     84.35    131.84    136.27    179.11    199.43    191.77    175.67    197.49    197.49    162.59    172.29    186.23
      9.72      5.03      3.49      5.61      6.45      8.19     17.72     13.21      4.16      4.31      1.77      2.05      1.19      1.01      1.01      1.00      1.00      1.08      2.21
      6.72      8.11    115.64    172.29    203.39    205.40    200.42    193.65    204.40    222.31    233.64    238.35    232.48    210.53    122.87     10.94      1.99      2.05      6.16
      4.96     13.90     30.31     65.58    128.69    205.64    251.77    188.53    214.82    236.63    251.77    280.23    263.22    282.75    282.75    285.30    293.10    315.06    332.71
      3.12     15.29     35.36     93.59    123.45    131.22    122.87    131.22    124.03    116.72    118.92    106.89    107.38    112.46    112.46    107.88    111.43    110.91    128.17
      1.26      1.20      1.60      3.38     10.05     23.64     36.52     48.76    109.38    122.87    132.47    140.20    134.36    128.78    125.20    111.43    100.69    104.93    108.38
      1.05      1.06      1.04      1.02      1.02      1.01      1.01      1.02      1.09      1.51      3.89     18.16     76.46    173.97    229.03    266.16    279.96    290.08    293.04
      4.08     26.21     70.92    193.65    207.44    201.40    203.39    211.57    188.05    171.46    169.81    157.97    169.81    177.38    164.17    168.99    167.37    143.57    144.95
      2.90      2.46      3.83     30.11     94.78    183.30    254.30    271.53    285.30    313.41    327.67    340.72    350.39    356.34    354.34    344.55    340.72    338.82    338.82
     16.18     76.46     96.63    149.87    179.98    180.86    180.86    164.96    207.44    205.40    193.65    200.42    197.49    211.57    210.53    210.53    194.60    194.60    180.86
      2.74      2.41     21.63     96.12    308.04    401.32    403.43    403.43    403.43    403.43    403.43    403.43    403.43    403.43    403.43    403.43    403.43    403.43    403.43
      1.45      1.32      1.37      2.01      4.64     16.30     20.42     56.57     12.86     12.73     55.61     94.88    143.57    162.59    162.59    141.54    140.20    132.47    118.92
      4.74      8.81     13.45     18.78     14.67     19.59     12.09     16.51     14.94     19.29     15.50     10.07      7.35      8.30      9.57     15.85     15.91     18.49     17.08
      7.57     12.35     26.21     60.85    114.02    123.27    110.75    104.02    114.57    130.74    123.87    123.27    105.03    103.03    103.03    109.16    119.12     94.09     94.09
      3.98      6.67      6.89      7.94     14.26     37.88     98.35    195.98    265.73    320.97    363.40    376.90    395.06    397.13    403.43    403.43    403.43    403.43    403.43
      1.01      1.13      1.53      4.63     37.73     57.65     56.42     79.83     52.68     20.76     30.37     17.52     63.42    123.49    123.49    206.91    269.80    286.77    289.71
      2.94      4.89     13.03     33.82     77.37    144.39    251.38    263.06    234.32    235.49    216.35    146.48     60.72     24.33     10.58      8.14     10.61     26.37     86.96
      6.18      6.77     13.82     22.21     32.23     73.67    195.02    343.24    382.85    403.43    403.43    403.43    403.43    403.43    403.43    403.43    395.06    203.87     32.23
     13.26     22.84     15.67     16.59     16.59     18.22     17.01     17.45     43.56     71.86    149.87    143.57    143.57    153.49    142.89    144.95    120.60    134.99    121.73
      1.00      1.00      1.00      1.01      1.10      1.66      4.53      2.83      7.40     22.04     67.44    146.48    138.99    264.39    332.76    367.21    382.85    322.62    234.32
    317.47    357.66    336.91    379.80    395.38    403.43    379.80    387.50    364.88    372.26    395.38    403.43    403.43    403.43    403.43    403.43    403.43    403.43    403.43
      1.94      6.91     36.52     54.36    124.11    226.90    181.53    284.93    320.68    341.25    346.61    350.24    353.90    353.90    327.38    298.37    117.84     62.18     45.86
      6.18     10.04     13.82     12.51     21.55     29.66    185.68    112.98    261.73    279.56    213.15    294.18    228.53    213.15    213.15    234.32    245.13    279.56    298.72
      2.01      2.39      3.24      4.86      7.65     13.17     28.32     62.20    101.61    115.64    125.79    134.36    134.99    129.38    110.40     89.04     82.11     93.59    114.04
      9.71      7.51     32.26    126.85    259.40    228.78    268.95    305.52    264.13    299.98    322.81    322.81    268.95    322.81    334.93    341.18    367.46    388.60    395.94
      5.26      4.64     11.82      8.16     11.93      5.52     20.96     21.75     87.05    136.27    152.76    178.24    164.96    162.59    162.59    136.27    134.36    164.17    207.44
      1.74      1.94      2.19      2.86      4.10      8.91     23.77     77.71    133.17    101.10     46.99     16.90     15.24     16.90     35.50     68.03    128.23    128.84    114.57
     12.47     22.59     90.67    161.04    190.83    197.49    200.42    184.42    153.49     92.33     23.46      4.39      1.38      1.03      1.24      3.58     29.80     70.29     32.13
      1.95      1.95      3.15     30.24    204.94    204.94    290.05    311.67    311.67    325.85    331.34    331.34    333.19    333.19    336.93    336.93    344.55    344.55    344.55
      4.74      3.31      5.50     15.81     48.34     99.09    134.06    218.06    260.41    287.10    256.45    281.24    296.13    346.19    359.15    364.87    361.05    351.68    351.68
     47.73     69.44    110.94    194.65    260.91    287.04    297.56    301.16    304.80    316.03    312.24    301.16    294.00    294.00    294.00    304.80    312.24    323.77    323.77
      2.01      2.39      2.72      3.78      3.90      5.44     10.25      7.22     14.92     26.01     65.82    113.51     75.44     81.75     69.37     83.60     79.23     56.09     61.66
      4.08      4.64      6.66      5.16      3.81      4.30      4.97      5.01      6.88     16.07      7.89     16.65      8.34      7.11     26.82     10.70     38.51     16.71      8.49
      7.24      6.99      8.37     27.71    109.74    223.82    301.16    245.91    273.63    280.25    276.92    283.62     98.45    115.91    114.64    129.44    175.50     73.15    135.33
      4.45     24.31     36.97     71.15     37.16     15.34     90.79     80.99     89.24    209.09    209.09    238.64    235.64    234.16    252.68    247.90    269.34    267.62    289.06
      1.86      1.95      4.33     10.83     69.36    226.65    169.20    291.97    331.23    354.86    370.30    378.30    384.42    384.42    384.42    384.42    384.42    384.42    384.42
      1.23      4.25     15.24     66.26     79.47    115.11    155.90    202.86    237.86    246.37    235.49    203.87    140.99     99.26    105.38     97.90    128.84    115.65    112.98
    401.32    401.32    403.43    403.43    403.43    403.43    403.43    403.43    403.43    403.43    403.43    403.43    403.43    403.43    403.43    403.43    403.43    403.43    403.43
      3.15      9.05     33.44     57.13    216.71    240.85    298.43    315.06    335.75    341.93    332.71    326.71    317.93    332.71    332.71    332.71    329.69    335.75    338.83
     79.38     48.18     20.34      5.96      2.67      4.68     19.73    129.08    148.50    145.64    130.95    111.89    115.66    110.84    129.08    122.46    126.63    112.42    119.58
    158.94    158.94    104.42     73.02    102.98    102.98    199.88    265.73    265.73    289.71    309.63    309.63    314.43    312.82    304.90    304.90    316.05    329.34    329.34
    246.24    276.68    150.71    171.62    171.62    184.98     72.80     63.59     12.49      4.28      1.36      1.39      1.39      2.19      2.86      4.41     12.65     45.04     37.23
      5.79     10.52     34.52     84.35    171.46    189.90    200.42    203.39    207.44    204.40    200.42    179.98    144.26    112.99     99.77    100.23    107.38    112.46    126.97
      2.39      3.33     16.23     23.06    153.52    175.97    290.48    270.37    312.22    326.71    323.75    338.83    338.83    338.83    338.83    338.83    338.83    335.75    341.93
    317.47    317.47    336.91    364.88    364.88    364.88    350.59    336.91    336.91    343.68    350.59    350.59    343.68    336.91    330.29    330.29    330.29    330.29    330.29
      9.04     20.96     56.82    105.91     98.41    114.57    114.57    111.43    118.92    112.46    110.40    102.55    133.09    140.87    149.15    149.15    138.22    121.73    114.04
      1.03      1.06      1.57      2.15      2.76      5.37      8.76     10.38     22.42     45.79     66.98     82.48    104.45     91.91    108.38     97.96    103.50     94.45    105.42
     79.38     48.18     37.26      9.17      2.90      3.63     11.85     80.47    109.28    121.88    121.88    120.72     82.71     99.96    114.03    137.42    123.64    106.24    109.28
      1.41      4.49     32.51     77.14     73.47     70.92     83.23    100.69    119.48    107.88    106.39    107.38    115.11    122.87    120.03    124.61    128.17    140.87    119.48
      4.25      4.97     17.27     17.34     15.24     22.04     14.36     46.99     15.79     17.03     58.15     65.40     72.69     36.67     36.67    125.24    163.61    225.14    268.44
      8.29     16.54     33.15     78.06    332.76    403.43    403.43    403.43    403.43    403.43    403.43    403.43    403.43    403.43    403.43    403.43    395.06    341.47    213.15
    103.29    187.16    129.08    136.10     87.39     46.96     32.95      4.96      6.61      8.99     15.31     34.18     41.88    124.82    265.36    347.81    378.49    345.98    372.52
      1.03      1.04      1.02      1.02      1.03      1.07      1.13      1.50      1.24      1.06      1.01      1.00      1.02      1.13      2.00      8.06     42.67    176.52    246.84
      1.03      1.00      1.00      1.00      1.01      1.14      1.04      1.33      2.94      4.30     12.90     10.73     18.29     39.30     53.29     65.53     72.18    108.88    109.38
      1.66      1.31      1.46      1.68      1.54      3.48      3.95     20.88     10.59      7.24     11.24      7.77     26.51     20.57     20.57      4.35     10.09      4.47      3.81
     15.18     13.44     48.76    101.61    102.55    121.73    121.73    111.43    110.91    112.46    125.20    110.40    122.30    124.61    126.97    126.97    101.15    104.45    111.94
     19.56      8.80     17.59     10.10      7.84      8.11      3.96      2.84      3.08      1.69      2.11      1.73      2.26      3.35      6.32      2.38      2.61      1.61      1.41
    246.24     22.29      7.88      5.55     19.04     70.36    171.62    287.72    336.91    364.88    364.88    387.50    395.38    403.43    395.38    395.38    379.80    395.38    395.38
      1.83      1.83      1.97      5.36     30.91     30.91    103.12    106.11    106.11     81.52     77.47     77.47     97.41     97.87    135.81    135.81    118.51    114.02    114.02
      5.80     13.40     31.37     75.44     96.19     90.67     92.33    103.02    120.03    139.54    141.54    141.54    126.38    115.64    110.91    120.03     93.59     22.08      7.09
      1.00      1.08      2.06     18.58     72.69    110.38    141.66    194.06    257.80    257.80    261.73    208.97    237.86    275.33    278.15    294.18    294.18    298.72    309.63
    211.05    211.05    197.92    247.61    271.17    271.17    252.65    242.68    242.68    286.77    309.63    309.63    309.63    263.06    242.68    242.68    222.91    214.21    214.21
      5.56      2.04      2.54      8.55     30.27     66.98     85.50     64.97     21.19      5.63      5.75     13.54     57.31     73.14     76.46     89.45     87.45     95.75     96.63
    143.02    143.02    280.99    222.91    188.43     97.90     10.37      2.60      1.25      1.03      1.02      1.05      1.00      1.46      1.46     10.24     10.14    100.64    184.77
      1.84      1.84      6.32     67.66    216.44    216.44    313.56    315.39    315.39    311.75    322.80    322.80    346.19    352.32    356.47    356.47    360.68    358.57    358.57
      5.80      9.28     21.84     74.45    115.11    112.46     95.75     95.31     99.31    102.08     94.88     84.35     77.48     89.45    104.93    125.79    122.87    120.60    125.20
      3.31     14.65     89.44    179.86    275.14    319.43    326.91    326.91    326.91    326.91    326.91    326.91    326.91    326.91    326.91    319.43    315.76    301.54    312.14
      3.80      1.33      2.85      1.23      1.14      1.27      1.24      2.56      1.15      1.09      1.39      1.23      1.38      1.14      1.14      1.02      1.00      1.00      1.61
     64.68    166.56    217.94    217.94    213.67    207.44    210.53    220.11    224.52    226.77    229.03    231.32    231.32    230.17    226.77    225.64    225.64    223.41    227.90
     17.81    113.47    240.65    310.68    324.99    332.41    351.77    351.77    351.77    363.98    363.98    363.98    363.98    363.98    363.98    363.98    363.98    347.80    314.19
      5.87     10.05     50.65    103.97    114.57    116.18    124.61    107.88    101.15    101.15     94.45     92.75     92.75     91.08    101.61    116.18    124.03    109.89    126.97
      3.93      2.87      2.38      2.60      3.66      6.74     20.72      8.47     21.27     45.79     90.67    100.23     62.20     64.68     80.66     97.51    102.55    107.38    107.38
      1.42      2.85      6.07     16.21     35.68     70.78    118.40     60.32     83.31    111.86    137.24    174.92     72.43    155.47    260.12    321.83    330.60    226.21    195.39
     11.47      3.78      4.49      4.96      5.08      1.90      2.92      4.12     13.40     15.62     29.57     29.57    190.83    215.80    225.64    255.66    258.24    255.66    251.84
    110.38     83.88    242.68    234.32    350.43    359.64    397.13    401.32    403.43    403.43    403.43    388.90    329.34     22.97     22.97      1.35      1.01      1.22      5.33
     63.69     36.96     27.07     18.04      3.66      4.96      3.18      5.29      2.63      3.48      2.82      9.72     10.29     79.02     79.02    126.02    123.05    120.72     84.62
      5.74      6.93      9.90     11.37     11.01     12.23     22.29     66.56     52.93    166.74    277.56    304.84    322.24    327.67    327.67    329.50    324.04    290.05    208.25
      3.79      9.96     42.64    105.72    271.83    274.24    316.12    253.36    348.93    355.28    318.96    339.63    310.52    348.93    348.93    355.28    348.93    361.76    368.37
      2.06     17.01    159.50    249.32    299.07    313.13    308.37    314.74    306.80    294.54    287.15    291.56    297.55    313.13    324.57    333.01    324.57    319.61    314.74
      1.47      2.01      3.61      4.83     19.02     21.14     66.04     73.54    137.47    186.28    184.44    207.94    199.76    230.04    230.04    252.14    247.03    242.04    244.52
    121.88    115.12    109.80     95.41     86.98     97.66    112.96    108.77    106.74     65.70     64.26     58.57     71.53     82.33     70.89     77.24     19.66     11.77     13.57
      7.15     39.28     89.75    206.31    260.95    269.35    291.69    301.18    301.18    291.69    291.69    296.40    301.18    301.18    301.18    287.07    273.67    269.35    278.06
      2.28     13.27     13.37     83.98     83.98    208.84    193.63    254.27    243.31    321.34    343.88    363.98    363.98    359.86    351.77    355.79    355.79    359.86    376.64
    401.32    403.43    403.43    403.43    403.43    403.43    403.43    403.43    403.43    403.43    403.43    403.43    403.43    403.43    403.43    403.43    403.43    403.43    401.32
      7.11      7.05     13.31     22.67     31.00     29.92     35.65     20.12     23.46     15.13     52.39     65.53    125.79    153.49    134.36    136.92    129.99    131.22    103.50
     85.40    180.31     79.12    234.32    233.15    246.37    118.94    130.67     50.49     35.35     60.20      4.23      2.82      2.68      2.68     34.79     77.02    255.21    256.50
      1.42      2.85     11.63     50.06    132.78    289.19    333.58    355.28    365.05    368.37    371.72    371.72    371.72    371.72    371.72    371.72    371.72    371.72    371.72
      1.46      1.71      8.26    128.78    143.57    215.80    215.80    235.98    248.08    262.17    284.25    291.56    296.04    294.54    285.69    285.69    282.81    279.96    278.54
    215.28    227.40    239.06    273.94    298.72    304.90    297.20    303.34    297.20    306.47    298.72    316.05    316.05    314.43    308.04    306.47    319.32    320.97    317.68
      1.13      1.00      1.13      2.71     19.97    103.97    175.67    219.03    239.54    258.24    268.86    268.86    266.16    260.85    256.95    256.95    263.49    272.97    278.54
      1.92     11.63     22.46     64.08     64.08    160.78    108.30    160.78     61.70     70.78     22.46     40.54     40.54     75.87     42.64     90.13     36.44     15.71     19.22
      2.37      9.67     13.35     57.06     79.23     85.12     80.30     83.23     93.17     87.84    100.69     75.44     91.08     88.64     88.64    114.57    128.78     91.49     89.45
     16.30    110.91    175.67    212.62    229.03    239.54    237.16    248.08    249.32    250.58    245.60    243.16    248.08    255.66    259.54    254.38    241.95    245.60    254.38
      1.13      1.00      1.02      1.07      1.95     10.80      2.69     16.65     87.84     96.19    181.74    178.24    213.67    243.16    239.54    254.38    215.80    219.03    225.64
     12.01     78.41    109.87    247.61    382.85    392.99    403.43    403.43    403.43    403.43    403.43    403.43    403.43    403.43    403.43    403.43    403.43    403.43    403.43
      1.07      2.40     20.05    170.63    253.10    281.38    296.04    303.68    308.37    316.35    321.25    324.57    326.24    331.30    336.45    334.73    333.01    336.45    338.19
    203.87    229.68    240.26    280.99    275.33    268.44    242.68    243.91    252.65    246.37    251.38    269.80    275.33    265.73    268.44    234.32    234.32    159.71    131.29
    117.88    102.33    108.26     77.24     58.57     32.42      4.63      3.15      2.65      1.98      3.25     10.81     12.31     11.00      8.71     10.18     24.44     45.19     66.59
     53.67     58.57    104.26    308.34    384.57    403.43    403.43    403.43    403.43    403.43    403.43    403.43    403.43    403.43    403.43    403.43    403.43    403.43    403.43
      3.92     18.36     25.96     81.63    166.62    248.41    298.09    315.76    323.14    326.91    326.91    319.43    323.14    326.91    326.91    319.43    319.43    319.43    326.91
      7.29      8.47     12.02     38.51     50.86     57.55    149.87    137.57    132.47    182.63    187.14    193.65    190.83    188.97    192.71    196.52    199.43    200.42    200.42
      2.94      5.44      9.03      3.11      4.39     13.16      3.23     14.11     34.65     20.99     15.46     33.82     52.24    101.57    332.76    376.90    403.43    403.43    403.43
     53.67    195.75    147.78    194.77    128.46     96.30    178.09    146.35    126.02    149.22     78.66    129.70     95.41     68.09     44.62     11.57      6.05      4.04      3.21
      3.07      9.86     18.78     64.25     75.81     65.43     87.64     81.67     50.22     91.01    101.07    102.54    109.16    126.32    138.04    136.01    115.13    109.16     86.41
      1.00      1.11      1.80      3.78      6.13     92.75    111.94    117.27    120.03    131.84    145.64    160.26    166.56    177.38    189.90    225.64    231.32    239.54    232.48
      3.08      6.77     12.72     40.29    103.46    203.87    168.44    339.71    401.32    403.43    403.43    403.43    403.43    403.43    403.43    403.43    345.02    255.21    115.11
      1.45      1.61      1.37      1.93      4.37      7.31      4.64      4.07      2.68      3.54      8.60     10.12     20.05     20.27     20.27     14.41     23.28     31.25     41.80
      1.86      2.85      4.33     20.32    109.24    265.85    304.46    326.02    345.56    366.37    378.30    384.42    384.42    384.42    384.42    384.42    388.56    390.64    394.86
      4.25     18.78     17.27     28.07     17.72     14.01      5.82     12.59      5.39      7.20     19.06     16.60     26.37     16.84     16.84     17.65     36.82     26.89     13.07
      3.17      4.38      5.99      4.88      4.88      5.01      5.69      5.07      6.51      8.02      7.78      6.56      6.56     13.16      8.85     24.00     14.69     10.48     27.72
      2.41      3.08      8.35     77.71    109.76    282.97    282.97    358.65    378.30    376.28    384.42    384.42    384.42    384.42    384.42    384.42    384.42    384.42    384.42
      5.90     20.99     54.55     79.03    100.64    113.02    136.90     63.32    141.04    226.50    260.95    269.35    256.85    252.82    248.87    256.85    273.67    301.18    291.69
      3.57      3.37      3.59      4.61      6.97     10.98     10.98     20.72     38.82     98.86    114.57    109.89    121.16    138.88    161.04    161.04    177.38    142.21    134.99
      9.72      4.93      3.15      3.72     15.62     51.14     67.73     90.59     50.06     25.37     13.82     11.49    119.50    170.08    224.02    256.50    280.99    348.62    365.30
      1.84      5.96      6.32     52.47    214.03    281.01    320.93    334.27    330.40    311.75    334.27    344.17    350.26    354.39    354.39    348.22    340.17    360.68    356.47
      1.46      5.26      8.26     95.31    196.52    234.81    245.60    255.66    248.08    250.58    251.84    259.54    253.10    249.32    249.32    250.58    263.49    267.51    268.86
      8.84     17.65     30.89     52.41     81.28    123.42    123.42    174.21    119.84    136.90    200.02    230.07    260.95    241.15    241.15    233.70    233.70    256.85    278.06
